Country,Confirmed,Recovered,Deaths,Active,Date,New_infected
Egypt,0.0,0.0,0.0,0.0,01-22-2020,0
Egypt,0.0,0.0,0.0,0.0,01-23-2020,0
Egypt,0.0,0.0,0.0,0.0,01-24-2020,0
Egypt,0.0,0.0,0.0,0.0,01-25-2020,0
Egypt,0.0,0.0,0.0,0.0,01-26-2020,0
Egypt,0.0,0.0,0.0,0.0,01-27-2020,0
Egypt,0.0,0.0,0.0,0.0,01-28-2020,0
Egypt,0.0,0.0,0.0,0.0,01-29-2020,0
Egypt,0.0,0.0,0.0,0.0,01-30-2020,0
Egypt,0.0,0.0,0.0,0.0,01-31-2020,0
Egypt,0.0,0.0,0.0,0.0,02-01-2020,0
Egypt,0.0,0.0,0.0,0.0,02-02-2020,0
Egypt,0.0,0.0,0.0,0.0,02-03-2020,0
Egypt,0.0,0.0,0.0,0.0,02-04-2020,0
Egypt,0.0,0.0,0.0,0.0,02-05-2020,0
Egypt,0.0,0.0,0.0,0.0,02-06-2020,0
Egypt,0.0,0.0,0.0,0.0,02-07-2020,0
Egypt,0.0,0.0,0.0,0.0,02-08-2020,0
Egypt,0.0,0.0,0.0,0.0,02-09-2020,0
Egypt,0.0,0.0,0.0,0.0,02-10-2020,0
Egypt,0.0,0.0,0.0,0.0,02-11-2020,0
Egypt,0.0,0.0,0.0,0.0,02-12-2020,0
Egypt,0.0,0.0,0.0,0.0,02-13-2020,0
Egypt,1.0,0.0,0.0,0.0,02-14-2020,1
Egypt,1.0,0.0,0.0,0.0,02-15-2020,1
Egypt,1.0,0.0,0.0,0.0,02-16-2020,1
Egypt,1.0,0.0,0.0,0.0,02-17-2020,1
Egypt,1.0,0.0,0.0,0.0,02-18-2020,1
Egypt,1.0,0.0,0.0,0.0,02-19-2020,1
Egypt,1.0,0.0,0.0,0.0,02-20-2020,1
Egypt,1.0,0.0,0.0,0.0,02-21-2020,1
Egypt,1.0,0.0,0.0,0.0,02-22-2020,1
Egypt,1.0,0.0,0.0,0.0,02-23-2020,1
Egypt,1.0,0.0,0.0,0.0,02-24-2020,1
Egypt,1.0,0.0,0.0,0.0,02-25-2020,1
Egypt,1.0,0.0,0.0,0.0,02-26-2020,1
Egypt,1.0,0.0,0.0,0.0,02-27-2020,1
Egypt,1.0,1.0,0.0,0.0,02-28-2020,1
Egypt,1.0,1.0,0.0,0.0,02-29-2020,1
Egypt,2.0,1.0,0.0,0.0,03-01-2020,1
Egypt,2.0,1.0,0.0,0.0,03-02-2020,1
Egypt,2.0,1.0,0.0,0.0,03-03-2020,1
Egypt,2.0,1.0,0.0,0.0,03-04-2020,1
Egypt,3.0,1.0,0.0,0.0,03-05-2020,1
Egypt,15.0,1.0,0.0,0.0,03-06-2020,12
Egypt,15.0,1.0,0.0,0.0,03-07-2020,12
Egypt,49.0,1.0,1.0,0.0,03-08-2020,34
Egypt,55.0,12.0,1.0,0.0,03-09-2020,6
Egypt,59.0,1.0,1.0,0.0,03-10-2020,4
Egypt,60.0,27.0,1.0,0.0,03-11-2020,1
Egypt,67.0,27.0,1.0,0.0,03-12-2020,7
Egypt,80.0,27.0,2.0,0.0,03-13-2020,13
Egypt,109.0,27.0,2.0,0.0,03-14-2020,29
Egypt,110.0,21.0,2.0,0.0,03-15-2020,1
Egypt,150.0,27.0,2.0,0.0,03-16-2020,40
Egypt,196.0,32.0,4.0,0.0,03-17-2020,46
Egypt,196.0,32.0,6.0,0.0,03-18-2020,46
Egypt,256.0,32.0,6.0,0.0,03-19-2020,60
Egypt,285.0,39.0,8.0,0.0,03-20-2020,29
Egypt,294.0,41.0,10.0,0.0,03-21-2020,9
Egypt,327.0,56.0,14.0,257.0,03-22-2020,33
Egypt,366.0,68.0,19.0,279.0,03-23-2020,39
Egypt,402.0,80.0,20.0,302.0,03-24-2020,36
Egypt,456.0,95.0,21.0,340.0,03-25-2020,54
Egypt,495.0,102.0,24.0,369.0,03-26-2020,39
Egypt,536.0,116.0,30.0,390.0,03-27-2020,41
Egypt,576.0,121.0,36.0,419.0,03-28-2020,40
Egypt,609.0,132.0,40.0,437.0,03-29-2020,33
Egypt,656.0,150.0,41.0,465.0,03-30-2020,47
Egypt,710.0,157.0,46.0,507.0,03-31-2020,54
Egypt,779.0,179.0,52.0,548.0,04-01-2020,69
Egypt,865.0,201.0,58.0,606.0,04-02-2020,86
Egypt,985.0,216.0,66.0,703.0,04-03-2020,120
Egypt,1070.0,241.0,71.0,758.0,04-04-2020,85
Egypt,1173.0,247.0,78.0,848.0,04-05-2020,103
Egypt,1322.0,259.0,85.0,978.0,04-06-2020,149
Egypt,1450.0,276.0,94.0,1080.0,04-07-2020,128
Egypt,1560.0,305.0,103.0,1152.0,04-08-2020,110
Egypt,1699.0,348.0,118.0,1233.0,04-09-2020,139
Egypt,1794.0,384.0,135.0,1275.0,04-10-2020,95
Egypt,1939.0,426.0,146.0,1367.0,04-11-2020,145
Egypt,2065.0,589.0,159.0,1317.0,04-12-2020,126
Egypt,2190.0,589.0,164.0,1437.0,04-13-2020,125
Egypt,2350.0,589.0,178.0,1583.0,04-14-2020,160
Egypt,2505.0,589.0,183.0,1733.0,04-15-2020,155
Egypt,2673.0,596.0,196.0,1881.0,04-16-2020,168
Egypt,2844.0,646.0,205.0,1993.0,04-17-2020,171
Egypt,3032.0,701.0,224.0,2107.0,04-18-2020,188
Egypt,3144.0,732.0,239.0,2173.0,04-19-2020,112
Egypt,3333.0,821.0,250.0,2262.0,04-20-2020,189
Egypt,3490.0,870.0,264.0,2356.0,04-21-2020,157
Egypt,3659.0,935.0,276.0,2448.0,04-22-2020,169
Egypt,3891.0,1004.0,287.0,2600.0,04-23-2020,232
Egypt,4092.0,1075.0,294.0,2723.0,04-24-2020,201
Egypt,4319.0,1114.0,307.0,2898.0,04-25-2020,227
Egypt,4534.0,1176.0,317.0,3041.0,04-26-2020,215
Egypt,4782.0,1236.0,337.0,3209.0,04-27-2020,248
Egypt,5042.0,1304.0,359.0,3379.0,04-28-2020,260
Egypt,5268.0,1335.0,380.0,3553.0,04-29-2020,226
Egypt,5537.0,1381.0,392.0,3764.0,04-30-2020,269
Egypt,5895.0,1460.0,406.0,4029.0,05-01-2020,358
Egypt,6193.0,1522.0,415.0,4256.0,05-02-2020,298
Egypt,6465.0,1562.0,429.0,4474.0,05-03-2020,272
Egypt,6813.0,1632.0,436.0,4745.0,05-04-2020,348
Egypt,7201.0,1730.0,452.0,5019.0,05-05-2020,388
Egypt,7588.0,1815.0,469.0,5304.0,05-06-2020,387
Egypt,7981.0,1887.0,482.0,5612.0,05-07-2020,393
Egypt,8476.0,1945.0,503.0,6028.0,05-08-2020,495
Egypt,8964.0,2002.0,514.0,6448.0,05-09-2020,488
Egypt,9400.0,2075.0,525.0,6800.0,05-10-2020,436
Egypt,9746.0,2172.0,533.0,7041.0,05-11-2020,346
Egypt,10093.0,2326.0,544.0,7223.0,05-12-2020,347
Egypt,10431.0,2486.0,556.0,7389.0,05-13-2020,338
Egypt,10829.0,2626.0,571.0,7632.0,05-14-2020,398
Egypt,11228.0,2799.0,592.0,7837.0,05-15-2020,399
Egypt,11719.0,2950.0,612.0,8157.0,05-16-2020,491
Egypt,12229.0,3172.0,630.0,8427.0,05-17-2020,510
Egypt,12764.0,3440.0,645.0,8679.0,05-18-2020,535
Egypt,13484.0,3742.0,659.0,9083.0,05-19-2020,720
Egypt,14229.0,3994.0,680.0,9555.0,05-20-2020,745
Egypt,15003.0,4217.0,696.0,10090.0,05-21-2020,774
Egypt,15786.0,4374.0,707.0,10705.0,05-22-2020,783
Egypt,16513.0,4628.0,735.0,11150.0,05-23-2020,727
Egypt,17265.0,4807.0,764.0,11694.0,05-24-2020,752
Egypt,17967.0,4900.0,783.0,12284.0,05-25-2020,702
Egypt,18756.0,5027.0,797.0,12932.0,05-26-2020,789
Egypt,19666.0,5205.0,816.0,13645.0,05-27-2020,910
Egypt,20793.0,5359.0,845.0,14589.0,05-28-2020,1127
Egypt,22082.0,5511.0,879.0,15692.0,05-29-2020,1289
Egypt,23449.0,5693.0,913.0,16843.0,05-30-2020,1367
Egypt,24985.0,6037.0,959.0,17989.0,05-31-2020,1536
Egypt,26384.0,6447.0,1005.0,18932.0,06-01-2020,1399
Egypt,27536.0,6827.0,1052.0,19657.0,06-02-2020,1152
Egypt,28615.0,7350.0,1088.0,20177.0,06-03-2020,1079
Egypt,29767.0,7756.0,1126.0,20885.0,06-04-2020,1152
Egypt,31115.0,8158.0,1166.0,21791.0,06-05-2020,1348
Egypt,32612.0,8538.0,1198.0,22876.0,06-06-2020,1497
Egypt,34079.0,8961.0,1237.0,23881.0,06-07-2020,1467
Egypt,35444.0,9375.0,1271.0,24798.0,06-08-2020,1365
Egypt,36829.0,9786.0,1306.0,25737.0,06-09-2020,1385
Egypt,38284.0,10289.0,1342.0,26653.0,06-10-2020,1455
Egypt,39726.0,10691.0,1377.0,27658.0,06-11-2020,1442
Egypt,41303.0,11108.0,1422.0,28773.0,06-12-2020,1577
Egypt,42980.0,11529.0,1484.0,29967.0,06-13-2020,1677
Egypt,44598.0,11931.0,1575.0,31092.0,06-14-2020,1618
Egypt,46289.0,12329.0,1672.0,32288.0,06-15-2020,1691
Egypt,47856.0,12730.0,1766.0,33360.0,06-16-2020,1567
Egypt,49219.0,13141.0,1850.0,34228.0,06-17-2020,1363
Egypt,50437.0,13528.0,1938.0,34971.0,06-18-2020,1218
Egypt,52211.0,13928.0,2017.0,36266.0,06-19-2020,1774
Egypt,53758.0,14327.0,2106.0,37325.0,06-20-2020,1547
Egypt,55233.0,14736.0,2193.0,38304.0,06-21-2020,1475
Egypt,56809.0,15133.0,2278.0,39398.0,06-22-2020,1576
Egypt,58141.0,15535.0,2365.0,40241.0,06-23-2020,1332
Egypt,59561.0,15935.0,2450.0,41176.0,06-24-2020,1420
Egypt,61130.0,16338.0,2533.0,42259.0,06-25-2020,1569
Egypt,62755.0,16737.0,2620.0,43398.0,06-26-2020,1625
Egypt,63923.0,17140.0,2708.0,44075.0,06-27-2020,1168
Egypt,65188.0,17539.0,2789.0,44860.0,06-28-2020,1265
Egypt,66754.0,17951.0,2872.0,45931.0,06-29-2020,1566
Egypt,68311.0,18460.0,2953.0,46898.0,06-30-2020,1557
Egypt,69814.0,18881.0,3034.0,47899.0,07-01-2020,1503
Egypt,71299.0,19288.0,3120.0,48891.0,07-02-2020,1485
Egypt,72711.0,19690.0,3201.0,49820.0,07-03-2020,1412
Egypt,74035.0,20103.0,3280.0,50652.0,07-04-2020,1324
Egypt,75253.0,20726.0,3343.0,51184.0,07-05-2020,1218
Egypt,76222.0,21238.0,3422.0,51562.0,07-06-2020,969
Egypt,77279.0,21718.0,3489.0,52072.0,07-07-2020,1057
Egypt,78304.0,22241.0,3564.0,52499.0,07-08-2020,1025
Egypt,79254.0,22753.0,3617.0,52884.0,07-09-2020,950
Egypt,80235.0,23274.0,3702.0,53259.0,07-10-2020,981
Egypt,81158.0,23876.0,3769.0,53513.0,07-11-2020,923
Egypt,82070.0,24419.0,3858.0,53793.0,07-12-2020,912
Egypt,83001.0,24975.0,3935.0,54091.0,07-13-2020,931
Egypt,83930.0,25544.0,4008.0,54378.0,07-14-2020,929
Egypt,84843.0,26135.0,4067.0,54641.0,07-15-2020,913
Egypt,85771.0,26691.0,4120.0,54960.0,07-16-2020,928
Egypt,86474.0,27302.0,4188.0,54984.0,07-17-2020,703
Egypt,87172.0,27868.0,4251.0,55053.0,07-18-2020,698
Egypt,87775.0,28380.0,4302.0,55093.0,07-19-2020,603
Egypt,88402.0,28924.0,4352.0,55126.0,07-20-2020,627
Egypt,89078.0,29473.0,4399.0,55206.0,07-21-2020,676
Egypt,89745.0,30075.0,4440.0,55230.0,07-22-2020,667
Egypt,90413.0,31066.0,4480.0,54867.0,07-23-2020,668
Egypt,91072.0,31970.0,4518.0,54584.0,07-24-2020,659
Egypt,91583.0,32903.0,4558.0,54122.0,07-25-2020,511
Egypt,92062.0,33831.0,4606.0,53625.0,07-26-2020,479
Egypt,92482.0,34838.0,4652.0,52992.0,07-27-2020,420
Egypt,92947.0,35959.0,4691.0,52297.0,07-28-2020,465
Egypt,93356.0,37025.0,4728.0,51603.0,07-29-2020,409
Egypt,93757.0,38236.0,4774.0,50747.0,07-30-2020,401
Egypt,94078.0,39638.0,4805.0,49635.0,07-31-2020,321
Egypt,94316.0,41137.0,4834.0,48345.0,08-01-2020,238
Egypt,94483.0,42455.0,4865.0,47163.0,08-02-2020,167
Egypt,94640.0,44066.0,4888.0,45686.0,08-03-2020,157
Egypt,94752.0,45569.0,4912.0,44271.0,08-04-2020,112
Egypt,94875.0,47182.0,4930.0,42763.0,08-05-2020,123
Egypt,95006.0,48898.0,4951.0,41157.0,08-06-2020,131
Egypt,95147.0,50553.0,4971.0,39623.0,08-07-2020,141
Egypt,95314.0,51672.0,4992.0,38650.0,08-08-2020,167
Egypt,95492.0,52678.0,5009.0,37805.0,08-09-2020,178
Egypt,95666.0,53779.0,5035.0,36852.0,08-10-2020,174
Egypt,95834.0,54888.0,5059.0,35887.0,08-11-2020,168
Egypt,95963.0,55901.0,5085.0,34977.0,08-12-2020,129
Egypt,96108.0,56890.0,5107.0,34111.0,08-13-2020,145
Egypt,96220.0,57858.0,5124.0,33238.0,08-14-2020,112
Egypt,96336.0,58835.0,5141.0,32360.0,08-15-2020,116
Egypt,96475.0,59743.0,5160.0,31572.0,08-16-2020,139
Egypt,96590.0,60651.0,5173.0,30766.0,08-17-2020,115
Egypt,96753.0,61562.0,5184.0,30007.0,08-18-2020,163
Egypt,96914.0,62553.0,5197.0,29164.0,08-19-2020,161
Egypt,97025.0,63462.0,5212.0,28351.0,08-20-2020,111
Egypt,97148.0,64318.0,5231.0,27599.0,08-21-2020,123
Egypt,97237.0,65118.0,5243.0,26876.0,08-22-2020,89
Egypt,97340.0,65927.0,5262.0,26151.0,08-23-2020,103
Egypt,97478.0,66817.0,5280.0,25381.0,08-24-2020,138
Egypt,97619.0,67717.0,5298.0,24604.0,08-25-2020,141
Egypt,97825.0,68713.0,5317.0,23795.0,08-26-2020,206
Egypt,98062.0,69612.0,5342.0,23108.0,08-27-2020,237
Egypt,98285.0,70419.0,5362.0,22504.0,08-28-2020,223
Egypt,98497.0,71302.0,5376.0,21819.0,08-29-2020,212
Egypt,98727.0,72120.0,5399.0,21208.0,08-30-2020,230
Egypt,98939.0,72929.0,5421.0,20589.0,08-31-2020,212
Egypt,99115.0,73828.0,5440.0,19847.0,09-01-2020,176
Egypt,99280.0,74626.0,5461.0,19193.0,09-02-2020,165
Egypt,99425.0,75415.0,5479.0,18531.0,09-03-2020,145
Egypt,99582.0,76305.0,5495.0,17782.0,09-04-2020,157
Egypt,99712.0,77208.0,5511.0,16993.0,09-05-2020,130
Egypt,99863.0,78108.0,5530.0,16225.0,09-06-2020,151
Egypt,100041.0,79008.0,5541.0,15492.0,09-07-2020,178
Egypt,100228.0,79886.0,5560.0,14782.0,09-08-2020,187
Egypt,100403.0,80689.0,5577.0,14137.0,09-09-2020,175
Egypt,100557.0,81597.0,5590.0,13370.0,09-10-2020,154
Egypt,100708.0,82473.0,5607.0,12628.0,09-11-2020,151
Egypt,100856.0,83261.0,5627.0,11968.0,09-12-2020,148
Egypt,101009.0,84161.0,5648.0,11200.0,09-13-2020,153
Egypt,101177.0,84969.0,5661.0,10547.0,09-14-2020,168
Egypt,101340.0,85745.0,5679.0,9916.0,09-15-2020,163
Egypt,101500.0,86549.0,5696.0,9255.0,09-16-2020,160
Egypt,101641.0,87158.0,5715.0,8768.0,09-17-2020,141
Egypt,101772.0,87958.0,5733.0,8081.0,09-18-2020,131
Egypt,101900.0,88666.0,5750.0,7484.0,09-19-2020,128
Egypt,102015.0,89532.0,5770.0,6713.0,09-20-2020,115
Egypt,102141.0,90332.0,5787.0,6022.0,09-21-2020,126
Egypt,102254.0,91143.0,5806.0,5305.0,09-22-2020,113
Egypt,102375.0,91843.0,5822.0,4710.0,09-23-2020,121
Egypt,102513.0,92644.0,5835.0,4034.0,09-24-2020,138
Egypt,102625.0,93531.0,5853.0,3241.0,09-25-2020,112
Egypt,102736.0,94374.0,5869.0,2493.0,09-26-2020,111
Egypt,102840.0,95080.0,5883.0,1877.0,09-27-2020,104
Egypt,102955.0,95586.0,5901.0,1468.0,09-28-2020,115
Egypt,103079.0,96094.0,5914.0,1071.0,09-29-2020,124
Egypt,103198.0,96494.0,5930.0,774.0,09-30-2020,119
Egypt,103317.0,96855.0,5946.0,516.0,10-01-2020,119
Egypt,103466.0,97143.0,5956.0,367.0,10-02-2020,149
Egypt,103575.0,97274.0,5970.0,331.0,10-03-2020,109
Egypt,103683.0,97355.0,5981.0,347.0,10-04-2020,108
Egypt,103781.0,97398.0,5990.0,393.0,10-05-2020,98
Egypt,103902.0,97449.0,6001.0,452.0,10-06-2020,121
Egypt,104035.0,97492.0,6010.0,533.0,10-07-2020,133
Egypt,104156.0,97524.0,6017.0,615.0,10-08-2020,121
Egypt,104262.0,97592.0,6029.0,641.0,10-09-2020,106
Egypt,104387.0,97643.0,6040.0,704.0,10-10-2020,125
Egypt,104516.0,97688.0,6052.0,776.0,10-11-2020,129
Egypt,104648.0,97743.0,6062.0,843.0,10-12-2020,132
Egypt,104787.0,97841.0,6071.0,875.0,10-13-2020,139
Egypt,104915.0,97920.0,6077.0,918.0,10-14-2020,128
Egypt,105033.0,98011.0,6088.0,934.0,10-15-2020,118
Egypt,105159.0,98089.0,6099.0,971.0,10-16-2020,126
Egypt,105297.0,98157.0,6109.0,1031.0,10-17-2020,138
Egypt,105424.0,98247.0,6120.0,1057.0,10-18-2020,127
Egypt,105547.0,98314.0,6130.0,1103.0,10-19-2020,123
Egypt,105705.0,98413.0,6142.0,1150.0,10-20-2020,158
Egypt,105883.0,98516.0,6155.0,1212.0,10-21-2020,178
Egypt,106060.0,98624.0,6166.0,1270.0,10-22-2020,177
Egypt,106230.0,98713.0,6176.0,1341.0,10-23-2020,170
Egypt,106397.0,98813.0,6187.0,1397.0,10-24-2020,167
Egypt,106540.0,98903.0,6199.0,1438.0,10-25-2020,143
Egypt,106707.0,98981.0,6211.0,1515.0,10-26-2020,167
Egypt,106877.0,99084.0,6222.0,1571.0,10-27-2020,170
Egypt,107030.0,99174.0,6234.0,1622.0,10-28-2020,153
Egypt,107209.0,99273.0,6247.0,1689.0,10-29-2020,179
Egypt,107376.0,99353.0,6258.0,1765.0,10-30-2020,167
Egypt,107555.0,99452.0,6266.0,1837.0,10-31-2020,179
Egypt,107736.0,99555.0,6278.0,1903.0,11-01-2020,181
Egypt,107925.0,99652.0,6291.0,1982.0,11-02-2020,189
Egypt,108122.0,99765.0,6305.0,2052.0,11-03-2020,197
Egypt,108329.0,99874.0,6318.0,2137.0,11-04-2020,207
Egypt,108530.0,100006.0,6329.0,2195.0,11-05-2020,201
Egypt,108754.0,100106.0,6343.0,2305.0,11-06-2020,224
Egypt,108962.0,100239.0,6355.0,2368.0,11-07-2020,208
Egypt,109201.0,100342.0,6368.0,2491.0,11-08-2020,239
Egypt,109422.0,100439.0,6380.0,2603.0,11-09-2020,221
Egypt,109654.0,100540.0,6394.0,2720.0,11-10-2020,232
Egypt,109881.0,100662.0,6405.0,2814.0,11-11-2020,227
Egypt,110095.0,100760.0,6417.0,2918.0,11-12-2020,214
Egypt,110319.0,100847.0,6429.0,3043.0,11-13-2020,224
Egypt,110547.0,100946.0,6442.0,3159.0,11-14-2020,228
Egypt,110767.0,101046.0,6453.0,3268.0,11-15-2020,220
Egypt,111009.0,101179.0,6465.0,3365.0,11-16-2020,242
Egypt,111284.0,101288.0,6481.0,3515.0,11-17-2020,275
Egypt,111613.0,101421.0,6495.0,3697.0,11-18-2020,329
Egypt,111955.0,101564.0,6508.0,3883.0,11-19-2020,342
Egypt,112318.0,101685.0,6521.0,4112.0,11-20-2020,363
Egypt,112676.0,101783.0,6535.0,4358.0,11-21-2020,358
Egypt,113027.0,101881.0,6548.0,4598.0,11-22-2020,351
Egypt,113381.0,101981.0,6560.0,4840.0,11-23-2020,354
Egypt,113742.0,102103.0,6573.0,5066.0,11-24-2020,361
Egypt,114107.0,102201.0,6585.0,5321.0,11-25-2020,365
Egypt,114475.0,102268.0,6596.0,5611.0,11-26-2020,368
Egypt,114832.0,102390.0,6608.0,5834.0,11-27-2020,357
Egypt,115183.0,102490.0,6621.0,6072.0,11-28-2020,351
Egypt,115541.0,102596.0,6636.0,6309.0,11-29-2020,358
Egypt,115911.0,102718.0,6650.0,6543.0,11-30-2020,370
Egypt,116303.0,102816.0,6666.0,6821.0,12-01-2020,392
Egypt,116724.0,102949.0,6694.0,7081.0,12-02-2020,421
Egypt,117156.0,103082.0,6713.0,7361.0,12-03-2020,432
Egypt,117583.0,103191.0,6732.0,7660.0,12-04-2020,427
Egypt,118014.0,103324.0,6750.0,7940.0,12-05-2020,431
Egypt,118432.0,103501.0,6771.0,8160.0,12-06-2020,418
Egypt,118847.0,103703.0,6790.0,8354.0,12-07-2020,415
Egypt,119281.0,103913.0,6813.0,8555.0,12-08-2020,434
Egypt,119702.0,104074.0,6832.0,8796.0,12-09-2020,421
Egypt,120147.0,104281.0,6854.0,9012.0,12-10-2020,445
Egypt,120611.0,104499.0,6877.0,9235.0,12-11-2020,464
Egypt,121089.0,104710.0,6898.0,9481.0,12-12-2020,478
Egypt,121575.0,104875.0,6920.0,9780.0,12-13-2020,486
