Country,Confirmed,Recovered,Deaths,Active,Date,New_infected
Latvia,0.0,0.0,0.0,0.0,01-22-2020,0
Latvia,0.0,0.0,0.0,0.0,01-23-2020,0
Latvia,0.0,0.0,0.0,0.0,01-24-2020,0
Latvia,0.0,0.0,0.0,0.0,01-25-2020,0
Latvia,0.0,0.0,0.0,0.0,01-26-2020,0
Latvia,0.0,0.0,0.0,0.0,01-27-2020,0
Latvia,0.0,0.0,0.0,0.0,01-28-2020,0
Latvia,0.0,0.0,0.0,0.0,01-29-2020,0
Latvia,0.0,0.0,0.0,0.0,01-30-2020,0
Latvia,0.0,0.0,0.0,0.0,01-31-2020,0
Latvia,0.0,0.0,0.0,0.0,02-01-2020,0
Latvia,0.0,0.0,0.0,0.0,02-02-2020,0
Latvia,0.0,0.0,0.0,0.0,02-03-2020,0
Latvia,0.0,0.0,0.0,0.0,02-04-2020,0
Latvia,0.0,0.0,0.0,0.0,02-05-2020,0
Latvia,0.0,0.0,0.0,0.0,02-06-2020,0
Latvia,0.0,0.0,0.0,0.0,02-07-2020,0
Latvia,0.0,0.0,0.0,0.0,02-08-2020,0
Latvia,0.0,0.0,0.0,0.0,02-09-2020,0
Latvia,0.0,0.0,0.0,0.0,02-10-2020,0
Latvia,0.0,0.0,0.0,0.0,02-11-2020,0
Latvia,0.0,0.0,0.0,0.0,02-12-2020,0
Latvia,0.0,0.0,0.0,0.0,02-13-2020,0
Latvia,0.0,0.0,0.0,0.0,02-14-2020,0
Latvia,0.0,0.0,0.0,0.0,02-15-2020,0
Latvia,0.0,0.0,0.0,0.0,02-16-2020,0
Latvia,0.0,0.0,0.0,0.0,02-17-2020,0
Latvia,0.0,0.0,0.0,0.0,02-18-2020,0
Latvia,0.0,0.0,0.0,0.0,02-19-2020,0
Latvia,0.0,0.0,0.0,0.0,02-20-2020,0
Latvia,0.0,0.0,0.0,0.0,02-21-2020,0
Latvia,0.0,0.0,0.0,0.0,02-22-2020,0
Latvia,0.0,0.0,0.0,0.0,02-23-2020,0
Latvia,0.0,0.0,0.0,0.0,02-24-2020,0
Latvia,0.0,0.0,0.0,0.0,02-25-2020,0
Latvia,0.0,0.0,0.0,0.0,02-26-2020,0
Latvia,0.0,0.0,0.0,0.0,02-27-2020,0
Latvia,0.0,0.0,0.0,0.0,02-28-2020,0
Latvia,0.0,0.0,0.0,0.0,02-29-2020,0
Latvia,0.0,0.0,0.0,0.0,03-01-2020,0
Latvia,1.0,0.0,0.0,0.0,03-02-2020,1
Latvia,1.0,0.0,0.0,0.0,03-03-2020,1
Latvia,1.0,0.0,0.0,0.0,03-04-2020,1
Latvia,1.0,0.0,0.0,0.0,03-05-2020,1
Latvia,1.0,0.0,0.0,0.0,03-06-2020,1
Latvia,1.0,0.0,0.0,0.0,03-07-2020,1
Latvia,2.0,0.0,0.0,0.0,03-08-2020,1
Latvia,6.0,0.0,0.0,0.0,03-09-2020,4
Latvia,8.0,1.0,0.0,0.0,03-10-2020,2
Latvia,10.0,1.0,0.0,0.0,03-11-2020,2
Latvia,10.0,1.0,0.0,0.0,03-12-2020,2
Latvia,17.0,1.0,0.0,0.0,03-13-2020,7
Latvia,26.0,1.0,0.0,0.0,03-14-2020,9
Latvia,30.0,1.0,0.0,0.0,03-15-2020,4
Latvia,34.0,1.0,0.0,0.0,03-16-2020,4
Latvia,49.0,1.0,0.0,0.0,03-17-2020,15
Latvia,71.0,1.0,0.0,0.0,03-18-2020,22
Latvia,86.0,1.0,0.0,0.0,03-19-2020,15
Latvia,111.0,1.0,0.0,0.0,03-20-2020,25
Latvia,124.0,1.0,0.0,0.0,03-21-2020,13
Latvia,139.0,1.0,0.0,138.0,03-22-2020,15
Latvia,180.0,1.0,0.0,179.0,03-23-2020,41
Latvia,197.0,1.0,0.0,196.0,03-24-2020,17
Latvia,221.0,1.0,0.0,220.0,03-25-2020,24
Latvia,244.0,1.0,0.0,243.0,03-26-2020,23
Latvia,280.0,1.0,0.0,279.0,03-27-2020,36
Latvia,305.0,1.0,0.0,304.0,03-28-2020,25
Latvia,347.0,1.0,0.0,346.0,03-29-2020,42
Latvia,376.0,1.0,0.0,375.0,03-30-2020,29
Latvia,398.0,1.0,0.0,397.0,03-31-2020,22
Latvia,446.0,1.0,0.0,445.0,04-01-2020,48
Latvia,458.0,31.0,0.0,427.0,04-02-2020,12
Latvia,493.0,1.0,1.0,491.0,04-03-2020,35
Latvia,509.0,1.0,1.0,507.0,04-04-2020,16
Latvia,533.0,1.0,1.0,531.0,04-05-2020,24
Latvia,542.0,16.0,1.0,525.0,04-06-2020,9
Latvia,548.0,16.0,2.0,530.0,04-07-2020,6
Latvia,577.0,16.0,2.0,559.0,04-08-2020,29
Latvia,589.0,16.0,3.0,570.0,04-09-2020,12
Latvia,612.0,16.0,3.0,593.0,04-10-2020,23
Latvia,630.0,16.0,3.0,611.0,04-11-2020,18
Latvia,651.0,16.0,5.0,630.0,04-12-2020,21
Latvia,655.0,16.0,5.0,634.0,04-13-2020,4
Latvia,657.0,16.0,5.0,636.0,04-14-2020,2
Latvia,666.0,44.0,5.0,617.0,04-15-2020,9
Latvia,675.0,57.0,5.0,613.0,04-16-2020,9
Latvia,682.0,88.0,5.0,589.0,04-17-2020,7
Latvia,712.0,88.0,5.0,619.0,04-18-2020,30
Latvia,727.0,88.0,5.0,634.0,04-19-2020,15
Latvia,739.0,88.0,5.0,646.0,04-20-2020,12
Latvia,748.0,133.0,9.0,606.0,04-21-2020,9
Latvia,761.0,133.0,11.0,617.0,04-22-2020,13
Latvia,778.0,133.0,11.0,634.0,04-23-2020,17
Latvia,784.0,267.0,12.0,505.0,04-24-2020,6
Latvia,804.0,267.0,12.0,525.0,04-25-2020,20
Latvia,812.0,267.0,12.0,533.0,04-26-2020,8
Latvia,818.0,267.0,13.0,538.0,04-27-2020,6
Latvia,836.0,267.0,13.0,556.0,04-28-2020,18
Latvia,849.0,348.0,15.0,486.0,04-29-2020,13
Latvia,858.0,348.0,15.0,495.0,04-30-2020,9
Latvia,870.0,348.0,16.0,506.0,05-01-2020,12
Latvia,871.0,348.0,16.0,507.0,05-02-2020,1
Latvia,879.0,348.0,16.0,515.0,05-03-2020,8
Latvia,896.0,348.0,16.0,532.0,05-04-2020,17
Latvia,896.0,348.0,17.0,531.0,05-05-2020,17
Latvia,900.0,464.0,17.0,419.0,05-06-2020,4
Latvia,909.0,464.0,18.0,427.0,05-07-2020,9
Latvia,928.0,464.0,18.0,446.0,05-08-2020,19
Latvia,930.0,464.0,18.0,448.0,05-09-2020,2
Latvia,939.0,464.0,18.0,457.0,05-10-2020,9
Latvia,946.0,464.0,18.0,464.0,05-11-2020,7
Latvia,950.0,627.0,18.0,305.0,05-12-2020,4
Latvia,951.0,627.0,19.0,305.0,05-13-2020,1
Latvia,962.0,627.0,19.0,316.0,05-14-2020,11
Latvia,970.0,662.0,19.0,289.0,05-15-2020,8
Latvia,997.0,662.0,19.0,316.0,05-16-2020,27
Latvia,1008.0,662.0,19.0,327.0,05-17-2020,11
Latvia,1009.0,662.0,19.0,328.0,05-18-2020,1
Latvia,1012.0,694.0,21.0,297.0,05-19-2020,3
Latvia,1016.0,694.0,21.0,301.0,05-20-2020,4
Latvia,1025.0,694.0,22.0,309.0,05-21-2020,9
Latvia,1030.0,712.0,22.0,296.0,05-22-2020,5
Latvia,1046.0,712.0,22.0,312.0,05-23-2020,16
Latvia,1047.0,712.0,22.0,313.0,05-24-2020,1
Latvia,1049.0,712.0,22.0,315.0,05-25-2020,2
Latvia,1053.0,741.0,22.0,290.0,05-26-2020,4
Latvia,1057.0,741.0,23.0,293.0,05-27-2020,4
Latvia,1061.0,741.0,24.0,296.0,05-28-2020,4
Latvia,1064.0,745.0,24.0,295.0,05-29-2020,3
Latvia,1065.0,745.0,24.0,296.0,05-30-2020,1
Latvia,1066.0,745.0,24.0,297.0,05-31-2020,1
Latvia,1066.0,745.0,24.0,297.0,06-01-2020,1
Latvia,1071.0,760.0,24.0,287.0,06-02-2020,5
Latvia,1079.0,760.0,24.0,295.0,06-03-2020,8
Latvia,1082.0,760.0,25.0,297.0,06-04-2020,3
Latvia,1085.0,781.0,25.0,279.0,06-05-2020,3
Latvia,1086.0,781.0,25.0,280.0,06-06-2020,1
Latvia,1088.0,781.0,25.0,282.0,06-07-2020,2
Latvia,1088.0,781.0,26.0,281.0,06-08-2020,2
Latvia,1089.0,794.0,26.0,269.0,06-09-2020,1
Latvia,1092.0,794.0,26.0,272.0,06-10-2020,3
Latvia,1094.0,818.0,26.0,250.0,06-11-2020,2
Latvia,1096.0,818.0,27.0,251.0,06-12-2020,2
Latvia,1097.0,845.0,28.0,224.0,06-13-2020,1
Latvia,1097.0,845.0,28.0,224.0,06-14-2020,1
Latvia,1097.0,845.0,28.0,224.0,06-15-2020,1
Latvia,1098.0,875.0,28.0,195.0,06-16-2020,1
Latvia,1104.0,875.0,30.0,199.0,06-17-2020,6
Latvia,1108.0,903.0,30.0,175.0,06-18-2020,4
Latvia,1110.0,903.0,30.0,177.0,06-19-2020,2
Latvia,1111.0,903.0,30.0,178.0,06-20-2020,1
Latvia,1111.0,903.0,30.0,178.0,06-21-2020,1
Latvia,1111.0,903.0,30.0,178.0,06-22-2020,1
Latvia,1111.0,903.0,30.0,178.0,06-23-2020,1
Latvia,1111.0,903.0,30.0,178.0,06-24-2020,1
Latvia,1111.0,903.0,30.0,178.0,06-25-2020,1
Latvia,1112.0,932.0,30.0,150.0,06-26-2020,1
Latvia,1115.0,932.0,30.0,153.0,06-27-2020,3
Latvia,1116.0,932.0,30.0,154.0,06-28-2020,1
Latvia,1117.0,932.0,30.0,155.0,06-29-2020,1
Latvia,1118.0,974.0,30.0,114.0,06-30-2020,1
Latvia,1121.0,974.0,30.0,117.0,07-01-2020,3
Latvia,1122.0,988.0,30.0,104.0,07-02-2020,1
Latvia,1122.0,997.0,30.0,95.0,07-03-2020,1
Latvia,1123.0,1000.0,30.0,93.0,07-04-2020,1
Latvia,1124.0,1000.0,30.0,94.0,07-05-2020,1
Latvia,1127.0,1000.0,30.0,97.0,07-06-2020,3
Latvia,1134.0,1008.0,30.0,96.0,07-07-2020,7
Latvia,1141.0,1008.0,30.0,103.0,07-08-2020,7
Latvia,1154.0,1019.0,30.0,105.0,07-09-2020,13
Latvia,1165.0,1019.0,30.0,116.0,07-10-2020,11
Latvia,1173.0,1019.0,30.0,124.0,07-11-2020,8
Latvia,1173.0,1019.0,30.0,124.0,07-12-2020,8
Latvia,1174.0,1019.0,31.0,124.0,07-13-2020,1
Latvia,1174.0,1022.0,31.0,121.0,07-14-2020,1
Latvia,1178.0,1022.0,31.0,125.0,07-15-2020,4
Latvia,1179.0,1022.0,31.0,126.0,07-16-2020,1
Latvia,1185.0,1022.0,31.0,132.0,07-17-2020,6
Latvia,1189.0,1022.0,31.0,136.0,07-18-2020,4
Latvia,1192.0,1022.0,31.0,139.0,07-19-2020,3
Latvia,1192.0,1022.0,31.0,139.0,07-20-2020,3
Latvia,1193.0,1045.0,31.0,117.0,07-21-2020,1
Latvia,1197.0,1045.0,31.0,121.0,07-22-2020,4
Latvia,1203.0,1045.0,31.0,127.0,07-23-2020,6
Latvia,1205.0,1045.0,31.0,129.0,07-24-2020,2
Latvia,1206.0,1045.0,31.0,130.0,07-25-2020,1
Latvia,1219.0,1045.0,31.0,143.0,07-26-2020,13
Latvia,1219.0,1045.0,31.0,143.0,07-27-2020,13
Latvia,1220.0,1052.0,31.0,137.0,07-28-2020,1
Latvia,1224.0,1052.0,31.0,141.0,07-29-2020,4
Latvia,1228.0,1052.0,31.0,145.0,07-30-2020,4
Latvia,1231.0,1052.0,32.0,147.0,07-31-2020,3
Latvia,1238.0,1052.0,32.0,154.0,08-01-2020,7
Latvia,1243.0,1052.0,32.0,159.0,08-02-2020,5
Latvia,1246.0,1052.0,32.0,162.0,08-03-2020,3
Latvia,1249.0,1070.0,32.0,147.0,08-04-2020,3
Latvia,1257.0,1070.0,32.0,155.0,08-05-2020,8
Latvia,1275.0,1070.0,32.0,173.0,08-06-2020,18
Latvia,1281.0,1070.0,32.0,179.0,08-07-2020,6
Latvia,1288.0,1070.0,32.0,186.0,08-08-2020,7
Latvia,1290.0,1070.0,32.0,188.0,08-09-2020,2
Latvia,1290.0,1070.0,32.0,188.0,08-10-2020,2
Latvia,1293.0,1078.0,32.0,183.0,08-11-2020,3
Latvia,1303.0,1078.0,32.0,193.0,08-12-2020,10
Latvia,1307.0,1078.0,32.0,197.0,08-13-2020,4
Latvia,1308.0,1078.0,32.0,198.0,08-14-2020,1
Latvia,1315.0,1078.0,32.0,205.0,08-15-2020,7
Latvia,1322.0,1078.0,32.0,212.0,08-16-2020,7
Latvia,1323.0,1078.0,32.0,213.0,08-17-2020,1
Latvia,1323.0,1093.0,33.0,197.0,08-18-2020,1
Latvia,1326.0,1093.0,33.0,200.0,08-19-2020,3
Latvia,1327.0,1093.0,33.0,201.0,08-20-2020,1
Latvia,1330.0,1093.0,33.0,204.0,08-21-2020,3
Latvia,1333.0,1093.0,33.0,207.0,08-22-2020,3
Latvia,1337.0,1093.0,33.0,211.0,08-23-2020,4
Latvia,1337.0,1093.0,33.0,211.0,08-24-2020,4
Latvia,1342.0,1135.0,33.0,174.0,08-25-2020,5
Latvia,1360.0,1135.0,33.0,192.0,08-26-2020,18
Latvia,1366.0,1163.0,34.0,169.0,08-27-2020,6
Latvia,1375.0,1163.0,34.0,178.0,08-28-2020,9
Latvia,1381.0,1163.0,34.0,184.0,08-29-2020,6
Latvia,1393.0,1163.0,34.0,196.0,08-30-2020,12
Latvia,1396.0,1163.0,34.0,199.0,08-31-2020,3
Latvia,1404.0,1173.0,34.0,197.0,09-01-2020,8
Latvia,1406.0,1173.0,34.0,199.0,09-02-2020,2
Latvia,1410.0,1187.0,34.0,189.0,09-03-2020,4
Latvia,1416.0,1187.0,35.0,194.0,09-04-2020,6
Latvia,1425.0,1187.0,35.0,203.0,09-05-2020,9
Latvia,1428.0,1187.0,35.0,206.0,09-06-2020,3
Latvia,1429.0,1187.0,35.0,207.0,09-07-2020,1
Latvia,1432.0,1187.0,35.0,210.0,09-08-2020,3
Latvia,1443.0,1234.0,35.0,174.0,09-09-2020,11
Latvia,1448.0,1248.0,35.0,165.0,09-10-2020,5
Latvia,1459.0,1248.0,35.0,176.0,09-11-2020,11
Latvia,1464.0,1248.0,35.0,181.0,09-12-2020,5
Latvia,1474.0,1248.0,35.0,191.0,09-13-2020,10
Latvia,1477.0,1248.0,35.0,194.0,09-14-2020,3
Latvia,1482.0,1248.0,35.0,199.0,09-15-2020,5
Latvia,1486.0,1248.0,35.0,203.0,09-16-2020,4
Latvia,1494.0,1248.0,36.0,210.0,09-17-2020,8
Latvia,1498.0,1248.0,36.0,214.0,09-18-2020,4
Latvia,1515.0,1248.0,36.0,231.0,09-19-2020,17
Latvia,1525.0,1248.0,36.0,241.0,09-20-2020,10
Latvia,1526.0,1248.0,36.0,242.0,09-21-2020,1
Latvia,1560.0,1248.0,36.0,276.0,09-22-2020,34
Latvia,1572.0,1248.0,36.0,288.0,09-23-2020,12
Latvia,1594.0,1248.0,36.0,310.0,09-24-2020,22
Latvia,1625.0,1282.0,36.0,307.0,09-25-2020,31
Latvia,1654.0,1304.0,36.0,314.0,09-26-2020,29
Latvia,1676.0,1304.0,36.0,336.0,09-27-2020,22
Latvia,1697.0,1304.0,36.0,357.0,09-28-2020,21
Latvia,1729.0,1307.0,37.0,385.0,09-29-2020,32
Latvia,1824.0,1307.0,37.0,480.0,09-30-2020,95
Latvia,1868.0,1307.0,37.0,524.0,10-01-2020,44
Latvia,1945.0,1307.0,38.0,600.0,10-02-2020,77
Latvia,2019.0,1307.0,38.0,674.0,10-03-2020,74
Latvia,2086.0,1307.0,38.0,741.0,10-04-2020,67
Latvia,2126.0,1307.0,39.0,780.0,10-05-2020,40
Latvia,2194.0,1322.0,40.0,832.0,10-06-2020,68
Latvia,2261.0,1322.0,40.0,899.0,10-07-2020,67
Latvia,2370.0,1322.0,40.0,1008.0,10-08-2020,109
Latvia,2507.0,1322.0,40.0,1145.0,10-09-2020,137
Latvia,2596.0,1322.0,40.0,1234.0,10-10-2020,89
Latvia,2670.0,1322.0,40.0,1308.0,10-11-2020,74
Latvia,2765.0,1325.0,40.0,1400.0,10-12-2020,95
Latvia,2840.0,1325.0,41.0,1474.0,10-13-2020,75
Latvia,2942.0,1325.0,41.0,1576.0,10-14-2020,102
Latvia,3056.0,1329.0,41.0,1686.0,10-15-2020,114
Latvia,3204.0,1329.0,42.0,1833.0,10-16-2020,148
Latvia,3392.0,1329.0,43.0,2020.0,10-17-2020,188
Latvia,3450.0,1329.0,44.0,2077.0,10-18-2020,58
Latvia,3494.0,1341.0,44.0,2109.0,10-19-2020,44
Latvia,3609.0,1341.0,47.0,2221.0,10-20-2020,115
Latvia,3797.0,1341.0,47.0,2409.0,10-21-2020,188
Latvia,3958.0,1357.0,49.0,2552.0,10-22-2020,161
Latvia,4208.0,1357.0,50.0,2801.0,10-23-2020,250
Latvia,4467.0,1357.0,54.0,3056.0,10-24-2020,259
Latvia,4678.0,1357.0,56.0,3265.0,10-25-2020,211
Latvia,4757.0,1357.0,60.0,3340.0,10-26-2020,79
Latvia,4893.0,1382.0,63.0,3448.0,10-27-2020,136
Latvia,5144.0,1382.0,63.0,3699.0,10-28-2020,251
Latvia,5395.0,1406.0,64.0,3925.0,10-29-2020,251
Latvia,5679.0,1406.0,69.0,4204.0,10-30-2020,284
Latvia,5894.0,1406.0,71.0,4417.0,10-31-2020,215
Latvia,6136.0,1406.0,74.0,4656.0,11-01-2020,242
Latvia,6268.0,1406.0,77.0,4785.0,11-02-2020,132
Latvia,6439.0,1444.0,79.0,4916.0,11-03-2020,171
Latvia,6752.0,1444.0,85.0,5223.0,11-04-2020,313
Latvia,7119.0,1444.0,88.0,5587.0,11-05-2020,367
Latvia,7476.0,1444.0,95.0,5937.0,11-06-2020,357
Latvia,7880.0,1444.0,96.0,6340.0,11-07-2020,404
Latvia,8095.0,1466.0,99.0,6530.0,11-08-2020,215
Latvia,8187.0,1466.0,101.0,6620.0,11-09-2020,92
Latvia,8395.0,1471.0,103.0,6821.0,11-10-2020,208
Latvia,8848.0,1471.0,105.0,7272.0,11-11-2020,453
Latvia,9381.0,1515.0,107.0,7759.0,11-12-2020,533
Latvia,9836.0,1515.0,116.0,8205.0,11-13-2020,455
Latvia,10231.0,1515.0,121.0,8595.0,11-14-2020,395
Latvia,10547.0,1515.0,123.0,8909.0,11-15-2020,316
Latvia,10636.0,1515.0,126.0,8995.0,11-16-2020,89
Latvia,10914.0,1557.0,132.0,9225.0,11-17-2020,278
Latvia,11356.0,1557.0,137.0,9662.0,11-18-2020,442
Latvia,11722.0,1557.0,141.0,10024.0,11-19-2020,366
Latvia,12102.0,1557.0,146.0,10399.0,11-20-2020,380
Latvia,12744.0,1557.0,153.0,11034.0,11-21-2020,642
Latvia,13120.0,1635.0,153.0,11332.0,11-22-2020,376
Latvia,13236.0,1635.0,162.0,11439.0,11-23-2020,116
Latvia,13693.0,1651.0,175.0,11867.0,11-24-2020,457
Latvia,14273.0,1686.0,184.0,12403.0,11-25-2020,580
Latvia,15171.0,1719.0,188.0,13264.0,11-26-2020,898
Latvia,15808.0,1719.0,190.0,13899.0,11-27-2020,637
Latvia,16561.0,1719.0,193.0,14649.0,11-28-2020,753
Latvia,16975.0,1719.0,197.0,15059.0,11-29-2020,414
Latvia,17075.0,1795.0,206.0,15074.0,11-30-2020,100
Latvia,17687.0,1806.0,210.0,15671.0,12-01-2020,612
Latvia,18377.0,1823.0,224.0,16330.0,12-02-2020,690
Latvia,19307.0,1848.0,235.0,17224.0,12-03-2020,930
Latvia,19993.0,1849.0,242.0,17902.0,12-04-2020,686
Latvia,20787.0,1866.0,253.0,18668.0,12-05-2020,794
Latvia,21313.0,1866.0,262.0,19185.0,12-06-2020,526
Latvia,21520.0,1866.0,272.0,19382.0,12-07-2020,207
Latvia,22104.0,1866.0,288.0,19950.0,12-08-2020,584
Latvia,22816.0,1866.0,293.0,20657.0,12-09-2020,712
Latvia,23706.0,1866.0,304.0,21536.0,12-10-2020,890
Latvia,24386.0,1866.0,319.0,22201.0,12-11-2020,680
Latvia,25046.0,1866.0,324.0,22856.0,12-12-2020,660
Latvia,25675.0,16778.0,349.0,8548.0,12-13-2020,629
Latvia,25885.0,16869.0,352.0,8664.0,12-14-2020,210
Latvia,26472.0,17477.0,357.0,8638.0,12-15-2020,587
Latvia,27495.0,18153.0,382.0,8960.0,12-16-2020,1023
Latvia,28535.0,19072.0,394.0,9069.0,12-17-2020,1040
Latvia,29427.0,19072.0,409.0,9946.0,12-18-2020,892
Latvia,30297.0,20534.0,427.0,9336.0,12-19-2020,870
