Country,Confirmed,Recovered,Deaths,Active,Date,New_infected
Greece,0.0,0.0,0.0,0.0,01-22-2020,0
Greece,0.0,0.0,0.0,0.0,01-23-2020,0
Greece,0.0,0.0,0.0,0.0,01-24-2020,0
Greece,0.0,0.0,0.0,0.0,01-25-2020,0
Greece,0.0,0.0,0.0,0.0,01-26-2020,0
Greece,0.0,0.0,0.0,0.0,01-27-2020,0
Greece,0.0,0.0,0.0,0.0,01-28-2020,0
Greece,0.0,0.0,0.0,0.0,01-29-2020,0
Greece,0.0,0.0,0.0,0.0,01-30-2020,0
Greece,0.0,0.0,0.0,0.0,01-31-2020,0
Greece,0.0,0.0,0.0,0.0,02-01-2020,0
Greece,0.0,0.0,0.0,0.0,02-02-2020,0
Greece,0.0,0.0,0.0,0.0,02-03-2020,0
Greece,0.0,0.0,0.0,0.0,02-04-2020,0
Greece,0.0,0.0,0.0,0.0,02-05-2020,0
Greece,0.0,0.0,0.0,0.0,02-06-2020,0
Greece,0.0,0.0,0.0,0.0,02-07-2020,0
Greece,0.0,0.0,0.0,0.0,02-08-2020,0
Greece,0.0,0.0,0.0,0.0,02-09-2020,0
Greece,0.0,0.0,0.0,0.0,02-10-2020,0
Greece,0.0,0.0,0.0,0.0,02-11-2020,0
Greece,0.0,0.0,0.0,0.0,02-12-2020,0
Greece,0.0,0.0,0.0,0.0,02-13-2020,0
Greece,0.0,0.0,0.0,0.0,02-14-2020,0
Greece,0.0,0.0,0.0,0.0,02-15-2020,0
Greece,0.0,0.0,0.0,0.0,02-16-2020,0
Greece,0.0,0.0,0.0,0.0,02-17-2020,0
Greece,0.0,0.0,0.0,0.0,02-18-2020,0
Greece,0.0,0.0,0.0,0.0,02-19-2020,0
Greece,0.0,0.0,0.0,0.0,02-20-2020,0
Greece,0.0,0.0,0.0,0.0,02-21-2020,0
Greece,0.0,0.0,0.0,0.0,02-22-2020,0
Greece,0.0,0.0,0.0,0.0,02-23-2020,0
Greece,0.0,0.0,0.0,0.0,02-24-2020,0
Greece,0.0,0.0,0.0,0.0,02-25-2020,0
Greece,1.0,0.0,0.0,0.0,02-26-2020,1
Greece,3.0,0.0,0.0,0.0,02-27-2020,2
Greece,4.0,0.0,0.0,0.0,02-28-2020,1
Greece,4.0,0.0,0.0,0.0,02-29-2020,1
Greece,7.0,0.0,0.0,0.0,03-01-2020,3
Greece,7.0,0.0,0.0,0.0,03-02-2020,3
Greece,7.0,0.0,0.0,0.0,03-03-2020,3
Greece,9.0,0.0,0.0,0.0,03-04-2020,2
Greece,31.0,0.0,0.0,0.0,03-05-2020,22
Greece,45.0,0.0,0.0,0.0,03-06-2020,14
Greece,46.0,0.0,0.0,0.0,03-07-2020,1
Greece,73.0,0.0,0.0,0.0,03-08-2020,27
Greece,73.0,0.0,0.0,0.0,03-09-2020,27
Greece,89.0,0.0,0.0,0.0,03-10-2020,16
Greece,99.0,0.0,1.0,0.0,03-11-2020,10
Greece,99.0,0.0,1.0,0.0,03-12-2020,10
Greece,190.0,0.0,1.0,0.0,03-13-2020,91
Greece,228.0,8.0,3.0,0.0,03-14-2020,38
Greece,331.0,8.0,4.0,0.0,03-15-2020,103
Greece,331.0,8.0,4.0,0.0,03-16-2020,103
Greece,387.0,8.0,5.0,0.0,03-17-2020,56
Greece,418.0,8.0,5.0,0.0,03-18-2020,31
Greece,418.0,8.0,6.0,0.0,03-19-2020,31
Greece,495.0,19.0,6.0,0.0,03-20-2020,77
Greece,530.0,19.0,13.0,0.0,03-21-2020,35
Greece,624.0,19.0,15.0,590.0,03-22-2020,94
Greece,695.0,29.0,17.0,649.0,03-23-2020,71
Greece,743.0,29.0,20.0,694.0,03-24-2020,48
Greece,821.0,36.0,22.0,763.0,03-25-2020,78
Greece,892.0,36.0,26.0,830.0,03-26-2020,71
Greece,966.0,52.0,28.0,886.0,03-27-2020,74
Greece,1061.0,52.0,32.0,977.0,03-28-2020,95
Greece,1156.0,52.0,38.0,1066.0,03-29-2020,95
Greece,1212.0,52.0,43.0,1117.0,03-30-2020,56
Greece,1314.0,52.0,49.0,1213.0,03-31-2020,102
Greece,1415.0,52.0,50.0,1313.0,04-01-2020,101
Greece,1544.0,61.0,53.0,1430.0,04-02-2020,129
Greece,1613.0,78.0,63.0,1472.0,04-03-2020,69
Greece,1673.0,78.0,68.0,1527.0,04-04-2020,60
Greece,1735.0,78.0,73.0,1584.0,04-05-2020,62
Greece,1755.0,269.0,79.0,1407.0,04-06-2020,20
Greece,1832.0,269.0,81.0,1482.0,04-07-2020,77
Greece,1884.0,269.0,83.0,1532.0,04-08-2020,52
Greece,1955.0,269.0,87.0,1599.0,04-09-2020,71
Greece,2011.0,269.0,92.0,1650.0,04-10-2020,56
Greece,2081.0,269.0,93.0,1719.0,04-11-2020,70
Greece,2114.0,269.0,98.0,1747.0,04-12-2020,33
Greece,2145.0,269.0,99.0,1777.0,04-13-2020,31
Greece,2170.0,269.0,101.0,1800.0,04-14-2020,25
Greece,2192.0,269.0,102.0,1821.0,04-15-2020,22
Greece,2207.0,269.0,105.0,1833.0,04-16-2020,15
Greece,2224.0,269.0,108.0,1847.0,04-17-2020,17
Greece,2235.0,269.0,110.0,1856.0,04-18-2020,11
Greece,2235.0,269.0,113.0,1853.0,04-19-2020,11
Greece,2245.0,269.0,116.0,1860.0,04-20-2020,10
Greece,2401.0,577.0,121.0,1703.0,04-21-2020,156
Greece,2408.0,577.0,121.0,1710.0,04-22-2020,7
Greece,2463.0,577.0,125.0,1761.0,04-23-2020,55
Greece,2490.0,577.0,130.0,1783.0,04-24-2020,27
Greece,2506.0,577.0,130.0,1799.0,04-25-2020,16
Greece,2517.0,577.0,134.0,1806.0,04-26-2020,11
Greece,2534.0,577.0,136.0,1821.0,04-27-2020,17
Greece,2566.0,577.0,138.0,1851.0,04-28-2020,32
Greece,2576.0,577.0,139.0,1860.0,04-29-2020,10
Greece,2591.0,1374.0,140.0,1077.0,04-30-2020,15
Greece,2612.0,1374.0,140.0,1098.0,05-01-2020,21
Greece,2620.0,1374.0,143.0,1103.0,05-02-2020,8
Greece,2626.0,1374.0,144.0,1108.0,05-03-2020,6
Greece,2632.0,1374.0,146.0,1112.0,05-04-2020,6
Greece,2642.0,1374.0,146.0,1122.0,05-05-2020,10
Greece,2663.0,1374.0,147.0,1142.0,05-06-2020,21
Greece,2678.0,1374.0,148.0,1156.0,05-07-2020,15
Greece,2691.0,1374.0,150.0,1167.0,05-08-2020,13
Greece,2710.0,1374.0,151.0,1185.0,05-09-2020,19
Greece,2716.0,1374.0,151.0,1191.0,05-10-2020,6
Greece,2726.0,1374.0,151.0,1201.0,05-11-2020,10
Greece,2744.0,1374.0,152.0,1218.0,05-12-2020,18
Greece,2760.0,1374.0,155.0,1231.0,05-13-2020,16
Greece,2770.0,1374.0,156.0,1240.0,05-14-2020,10
Greece,2810.0,1374.0,160.0,1276.0,05-15-2020,40
Greece,2819.0,1374.0,162.0,1283.0,05-16-2020,9
Greece,2834.0,1374.0,163.0,1297.0,05-17-2020,15
Greece,2836.0,1374.0,165.0,1297.0,05-18-2020,2
Greece,2840.0,1374.0,165.0,1301.0,05-19-2020,4
Greece,2850.0,1374.0,166.0,1310.0,05-20-2020,10
Greece,2853.0,1374.0,168.0,1311.0,05-21-2020,3
Greece,2874.0,1374.0,169.0,1331.0,05-22-2020,21
Greece,2876.0,1374.0,171.0,1331.0,05-23-2020,2
Greece,2878.0,1374.0,171.0,1333.0,05-24-2020,2
Greece,2882.0,1374.0,172.0,1336.0,05-25-2020,4
Greece,2892.0,1374.0,173.0,1345.0,05-26-2020,10
Greece,2903.0,1374.0,173.0,1356.0,05-27-2020,11
Greece,2906.0,1374.0,175.0,1357.0,05-28-2020,3
Greece,2909.0,1374.0,175.0,1360.0,05-29-2020,3
Greece,2915.0,1374.0,175.0,1366.0,05-30-2020,6
Greece,2917.0,1374.0,175.0,1368.0,05-31-2020,2
Greece,2918.0,1374.0,179.0,1365.0,06-01-2020,1
Greece,2937.0,1374.0,179.0,1384.0,06-02-2020,19
Greece,2937.0,1374.0,179.0,1384.0,06-03-2020,19
Greece,2952.0,1374.0,180.0,1398.0,06-04-2020,15
Greece,2967.0,1374.0,180.0,1413.0,06-05-2020,15
Greece,2980.0,1374.0,180.0,1426.0,06-06-2020,13
Greece,2997.0,1374.0,180.0,1443.0,06-07-2020,17
Greece,3049.0,1374.0,182.0,1493.0,06-08-2020,52
Greece,3058.0,1374.0,183.0,1501.0,06-09-2020,9
Greece,3068.0,1374.0,183.0,1511.0,06-10-2020,10
Greece,3088.0,1374.0,183.0,1531.0,06-11-2020,20
Greece,3108.0,1374.0,183.0,1551.0,06-12-2020,20
Greece,3112.0,1374.0,183.0,1555.0,06-13-2020,4
Greece,3121.0,1374.0,183.0,1564.0,06-14-2020,9
Greece,3134.0,1374.0,184.0,1576.0,06-15-2020,13
Greece,3148.0,1374.0,185.0,1589.0,06-16-2020,14
Greece,3203.0,1374.0,187.0,1642.0,06-17-2020,55
Greece,3227.0,1374.0,188.0,1665.0,06-18-2020,24
Greece,3237.0,1374.0,189.0,1674.0,06-19-2020,10
Greece,3256.0,1374.0,190.0,1692.0,06-20-2020,19
Greece,3266.0,1374.0,190.0,1702.0,06-21-2020,10
Greece,3287.0,1374.0,190.0,1723.0,06-22-2020,21
Greece,3302.0,1374.0,190.0,1738.0,06-23-2020,15
Greece,3310.0,1374.0,190.0,1746.0,06-24-2020,8
Greece,3321.0,1374.0,191.0,1756.0,06-25-2020,11
Greece,3343.0,1374.0,191.0,1778.0,06-26-2020,22
Greece,3366.0,1374.0,191.0,1801.0,06-27-2020,23
Greece,3376.0,1374.0,191.0,1811.0,06-28-2020,10
Greece,3390.0,1374.0,191.0,1825.0,06-29-2020,14
Greece,3409.0,1374.0,192.0,1843.0,06-30-2020,19
Greece,3432.0,1374.0,192.0,1866.0,07-01-2020,23
Greece,3458.0,1374.0,192.0,1892.0,07-02-2020,26
Greece,3486.0,1374.0,192.0,1920.0,07-03-2020,28
Greece,3511.0,1374.0,192.0,1945.0,07-04-2020,25
Greece,3519.0,1374.0,192.0,1953.0,07-05-2020,8
Greece,3562.0,1374.0,192.0,1996.0,07-06-2020,43
Greece,3589.0,1374.0,193.0,2022.0,07-07-2020,27
Greece,3622.0,1374.0,193.0,2055.0,07-08-2020,33
Greece,3672.0,1374.0,193.0,2105.0,07-09-2020,50
Greece,3732.0,1374.0,193.0,2165.0,07-10-2020,60
Greece,3772.0,1374.0,193.0,2205.0,07-11-2020,40
Greece,3803.0,1374.0,193.0,2236.0,07-12-2020,31
Greece,3826.0,1374.0,193.0,2259.0,07-13-2020,23
Greece,3883.0,1374.0,193.0,2316.0,07-14-2020,57
Greece,3910.0,1374.0,193.0,2343.0,07-15-2020,27
Greece,3939.0,1374.0,193.0,2372.0,07-16-2020,29
Greece,3964.0,1374.0,194.0,2396.0,07-17-2020,25
Greece,3983.0,1374.0,194.0,2415.0,07-18-2020,19
Greece,4007.0,1374.0,194.0,2439.0,07-19-2020,24
Greece,4012.0,1374.0,195.0,2443.0,07-20-2020,5
Greece,4048.0,1374.0,197.0,2477.0,07-21-2020,36
Greece,4077.0,1374.0,200.0,2503.0,07-22-2020,29
Greece,4110.0,1374.0,201.0,2535.0,07-23-2020,33
Greece,4135.0,1374.0,201.0,2560.0,07-24-2020,25
Greece,4166.0,1374.0,201.0,2591.0,07-25-2020,31
Greece,4193.0,1374.0,202.0,2617.0,07-26-2020,27
Greece,4227.0,1374.0,202.0,2651.0,07-27-2020,34
Greece,4279.0,1374.0,203.0,2702.0,07-28-2020,52
Greece,4336.0,1374.0,203.0,2759.0,07-29-2020,57
Greece,4401.0,1374.0,203.0,2824.0,07-30-2020,65
Greece,4477.0,1374.0,206.0,2897.0,07-31-2020,76
Greece,4587.0,1374.0,206.0,3007.0,08-01-2020,110
Greece,4662.0,1374.0,208.0,3080.0,08-02-2020,75
Greece,4737.0,1374.0,209.0,3154.0,08-03-2020,75
Greece,4855.0,1374.0,209.0,3272.0,08-04-2020,118
Greece,4974.0,1374.0,210.0,3390.0,08-05-2020,119
Greece,5123.0,1374.0,210.0,3539.0,08-06-2020,149
Greece,5270.0,1374.0,210.0,3686.0,08-07-2020,147
Greece,5421.0,1374.0,211.0,3836.0,08-08-2020,151
Greece,5623.0,1347.0,212.0,4064.0,08-09-2020,202
Greece,5749.0,1347.0,213.0,4189.0,08-10-2020,126
Greece,5942.0,1347.0,214.0,4381.0,08-11-2020,193
Greece,6177.0,1347.0,216.0,4614.0,08-12-2020,235
Greece,6381.0,1347.0,221.0,4813.0,08-13-2020,204
Greece,6632.0,1347.0,223.0,5062.0,08-14-2020,251
Greece,6858.0,1347.0,226.0,5285.0,08-15-2020,226
Greece,7075.0,1347.0,228.0,5500.0,08-16-2020,217
Greece,7222.0,1347.0,230.0,5645.0,08-17-2020,147
Greece,7472.0,1347.0,232.0,5893.0,08-18-2020,250
Greece,7684.0,1347.0,235.0,6102.0,08-19-2020,212
Greece,7934.0,1347.0,235.0,6352.0,08-20-2020,250
Greece,8138.0,1347.0,238.0,6553.0,08-21-2020,204
Greece,8381.0,1347.0,240.0,6794.0,08-22-2020,243
Greece,8664.0,1347.0,242.0,7075.0,08-23-2020,283
Greece,8819.0,1347.0,242.0,7230.0,08-24-2020,155
Greece,8987.0,1347.0,243.0,7397.0,08-25-2020,168
Greece,9280.0,1347.0,248.0,7685.0,08-26-2020,293
Greece,9531.0,1347.0,254.0,7930.0,08-27-2020,251
Greece,9800.0,1347.0,259.0,8194.0,08-28-2020,269
Greece,9977.0,1347.0,260.0,8370.0,08-29-2020,177
Greece,10134.0,1347.0,262.0,8525.0,08-30-2020,157
Greece,10317.0,1347.0,266.0,8704.0,08-31-2020,183
Greece,10524.0,1347.0,271.0,8906.0,09-01-2020,207
Greece,10757.0,1347.0,273.0,9137.0,09-02-2020,233
Greece,10998.0,1347.0,278.0,9373.0,09-03-2020,241
Greece,11200.0,1347.0,279.0,9574.0,09-04-2020,202
Greece,11386.0,1347.0,280.0,9759.0,09-05-2020,186
Greece,11524.0,1347.0,284.0,9893.0,09-06-2020,138
Greece,11663.0,1347.0,289.0,10027.0,09-07-2020,139
Greece,11832.0,1347.0,290.0,10195.0,09-08-2020,169
Greece,12080.0,1347.0,293.0,10440.0,09-09-2020,248
Greece,12452.0,1347.0,297.0,10808.0,09-10-2020,372
Greece,12734.0,1347.0,300.0,11087.0,09-11-2020,282
Greece,13036.0,1347.0,302.0,11387.0,09-12-2020,302
Greece,13240.0,1347.0,305.0,11588.0,09-13-2020,204
Greece,13420.0,1347.0,310.0,11763.0,09-14-2020,180
Greece,13730.0,1347.0,313.0,12070.0,09-15-2020,310
Greece,14041.0,1347.0,316.0,12378.0,09-16-2020,311
Greece,14400.0,1347.0,325.0,12728.0,09-17-2020,359
Greece,14738.0,1347.0,327.0,13064.0,09-18-2020,338
Greece,14978.0,1347.0,331.0,13300.0,09-19-2020,240
Greece,15142.0,1347.0,338.0,13457.0,09-20-2020,164
Greece,15595.0,1347.0,344.0,13904.0,09-21-2020,453
Greece,15928.0,1347.0,352.0,14229.0,09-22-2020,333
Greece,16286.0,1347.0,357.0,14582.0,09-23-2020,358
Greece,16627.0,1347.0,366.0,14914.0,09-24-2020,341
Greece,16913.0,1347.0,369.0,15197.0,09-25-2020,286
Greece,17228.0,1347.0,376.0,15505.0,09-26-2020,315
Greece,17444.0,1347.0,379.0,15718.0,09-27-2020,216
Greece,17707.0,1347.0,383.0,15977.0,09-28-2020,263
Greece,18123.0,1347.0,388.0,16388.0,09-29-2020,416
Greece,18475.0,1347.0,391.0,16737.0,09-30-2020,352
Greece,18886.0,1347.0,393.0,17146.0,10-01-2020,411
Greece,19346.0,1347.0,398.0,17601.0,10-02-2020,460
Greece,19613.0,1347.0,405.0,17861.0,10-03-2020,267
Greece,19842.0,1347.0,409.0,18086.0,10-04-2020,229
Greece,20142.0,1347.0,417.0,18378.0,10-05-2020,300
Greece,20541.0,1347.0,420.0,18774.0,10-06-2020,399
Greece,20947.0,1347.0,424.0,19176.0,10-07-2020,406
Greece,21381.0,1347.0,430.0,19604.0,10-08-2020,434
Greece,21772.0,1347.0,431.0,19994.0,10-09-2020,391
Greece,22078.0,1347.0,436.0,20295.0,10-10-2020,306
Greece,22358.0,1347.0,449.0,20562.0,10-11-2020,280
Greece,22652.0,1347.0,456.0,20849.0,10-12-2020,294
Greece,23060.0,1347.0,462.0,21251.0,10-13-2020,408
Greece,23495.0,1347.0,469.0,21679.0,10-14-2020,435
Greece,23947.0,1347.0,482.0,22118.0,10-15-2020,452
Greece,24450.0,1347.0,490.0,22613.0,10-16-2020,503
Greece,24932.0,1347.0,500.0,23085.0,10-17-2020,482
Greece,25370.0,1347.0,509.0,23514.0,10-18-2020,438
Greece,25802.0,1347.0,520.0,23935.0,10-19-2020,432
Greece,26469.0,1347.0,528.0,24594.0,10-20-2020,667
Greece,27334.0,1347.0,534.0,25453.0,10-21-2020,865
Greece,28216.0,1347.0,549.0,26320.0,10-22-2020,882
Greece,29057.0,1347.0,559.0,27151.0,10-23-2020,841
Greece,29992.0,1347.0,564.0,28081.0,10-24-2020,935
Greece,30782.0,1347.0,574.0,28861.0,10-25-2020,790
Greece,31496.0,1347.0,581.0,29568.0,10-26-2020,714
Greece,32752.0,1347.0,593.0,30812.0,10-27-2020,1256
Greece,34299.0,1347.0,603.0,32349.0,10-28-2020,1547
Greece,35510.0,1347.0,615.0,33548.0,10-29-2020,1211
Greece,37196.0,1347.0,620.0,35229.0,10-30-2020,1686
Greece,39251.0,23074.0,626.0,15551.0,10-31-2020,2055
Greece,40929.0,23074.0,635.0,17220.0,11-01-2020,1678
Greece,42080.0,23074.0,642.0,18364.0,11-02-2020,1151
Greece,44246.0,23074.0,655.0,20517.0,11-03-2020,2166
Greece,46892.0,23074.0,673.0,23145.0,11-04-2020,2646
Greece,49807.0,23074.0,702.0,26031.0,11-05-2020,2915
Greece,52254.0,23074.0,715.0,28465.0,11-06-2020,2447
Greece,54809.0,23074.0,749.0,30986.0,11-07-2020,2555
Greece,56698.0,23074.0,784.0,32840.0,11-08-2020,1889
Greece,58187.0,23074.0,825.0,34288.0,11-09-2020,1489
Greece,60570.0,23074.0,866.0,36630.0,11-10-2020,2383
Greece,63321.0,23074.0,909.0,39338.0,11-11-2020,2751
Greece,66637.0,23074.0,959.0,42604.0,11-12-2020,3316
Greece,69675.0,23074.0,997.0,45604.0,11-13-2020,3038
Greece,72510.0,23074.0,1035.0,48401.0,11-14-2020,2835
Greece,74205.0,23074.0,1106.0,50025.0,11-15-2020,1695
Greece,76403.0,23074.0,1165.0,52164.0,11-16-2020,2198
Greece,78825.0,23074.0,1228.0,54523.0,11-17-2020,2422
Greece,82034.0,23074.0,1288.0,57672.0,11-18-2020,3209
Greece,85261.0,23074.0,1347.0,60840.0,11-19-2020,3227
Greece,87812.0,23074.0,1419.0,63319.0,11-20-2020,2551
Greece,90121.0,23074.0,1527.0,65520.0,11-21-2020,2309
Greece,91619.0,23074.0,1630.0,66915.0,11-22-2020,1498
Greece,93006.0,23074.0,1714.0,68218.0,11-23-2020,1387
Greece,95137.0,23074.0,1815.0,70248.0,11-24-2020,2131
Greece,97288.0,23074.0,1902.0,72312.0,11-25-2020,2151
Greece,99306.0,23074.0,2001.0,74231.0,11-26-2020,2018
Greece,101287.0,23074.0,2102.0,76111.0,11-27-2020,1981
Greece,103034.0,23074.0,2223.0,77737.0,11-28-2020,1747
Greece,104227.0,23074.0,2321.0,78832.0,11-29-2020,1193
Greece,105271.0,23074.0,2406.0,79791.0,11-30-2020,1044
Greece,107470.0,23074.0,2517.0,81879.0,12-01-2020,2199
Greece,109655.0,23074.0,2606.0,83975.0,12-02-2020,2185
Greece,111537.0,23074.0,2706.0,85757.0,12-03-2020,1882
Greece,113185.0,23074.0,2804.0,87307.0,12-04-2020,1648
Greece,114568.0,23074.0,2902.0,88592.0,12-05-2020,1383
Greece,115471.0,23074.0,3003.0,89394.0,12-06-2020,903
Greece,116721.0,23074.0,3092.0,90555.0,12-07-2020,1250
Greece,118045.0,23074.0,3194.0,91777.0,12-08-2020,1324
Greece,119720.0,23074.0,3289.0,93357.0,12-09-2020,1675
Greece,121253.0,23074.0,3370.0,94809.0,12-10-2020,1533
Greece,122648.0,23074.0,3472.0,96102.0,12-11-2020,1395
Greece,123842.0,23074.0,3540.0,97228.0,12-12-2020,1194
Greece,124534.0,23074.0,3625.0,97835.0,12-13-2020,692
Greece,125173.0,23074.0,3687.0,98412.0,12-14-2020,639
Greece,126372.0,23074.0,3785.0,99513.0,12-15-2020,1199
Greece,127557.0,23074.0,3870.0,100613.0,12-16-2020,1185
Greece,128710.0,23074.0,3948.0,101688.0,12-17-2020,1153
Greece,129584.0,23074.0,4044.0,102466.0,12-18-2020,874
Greece,130485.0,23074.0,4102.0,103309.0,12-19-2020,901
