Country,Confirmed,Recovered,Deaths,Active,Date,New_infected
Slovenia,0.0,0.0,0.0,0.0,01-22-2020,0
Slovenia,0.0,0.0,0.0,0.0,01-23-2020,0
Slovenia,0.0,0.0,0.0,0.0,01-24-2020,0
Slovenia,0.0,0.0,0.0,0.0,01-25-2020,0
Slovenia,0.0,0.0,0.0,0.0,01-26-2020,0
Slovenia,0.0,0.0,0.0,0.0,01-27-2020,0
Slovenia,0.0,0.0,0.0,0.0,01-28-2020,0
Slovenia,0.0,0.0,0.0,0.0,01-29-2020,0
Slovenia,0.0,0.0,0.0,0.0,01-30-2020,0
Slovenia,0.0,0.0,0.0,0.0,01-31-2020,0
Slovenia,0.0,0.0,0.0,0.0,02-01-2020,0
Slovenia,0.0,0.0,0.0,0.0,02-02-2020,0
Slovenia,0.0,0.0,0.0,0.0,02-03-2020,0
Slovenia,0.0,0.0,0.0,0.0,02-04-2020,0
Slovenia,0.0,0.0,0.0,0.0,02-05-2020,0
Slovenia,0.0,0.0,0.0,0.0,02-06-2020,0
Slovenia,0.0,0.0,0.0,0.0,02-07-2020,0
Slovenia,0.0,0.0,0.0,0.0,02-08-2020,0
Slovenia,0.0,0.0,0.0,0.0,02-09-2020,0
Slovenia,0.0,0.0,0.0,0.0,02-10-2020,0
Slovenia,0.0,0.0,0.0,0.0,02-11-2020,0
Slovenia,0.0,0.0,0.0,0.0,02-12-2020,0
Slovenia,0.0,0.0,0.0,0.0,02-13-2020,0
Slovenia,0.0,0.0,0.0,0.0,02-14-2020,0
Slovenia,0.0,0.0,0.0,0.0,02-15-2020,0
Slovenia,0.0,0.0,0.0,0.0,02-16-2020,0
Slovenia,0.0,0.0,0.0,0.0,02-17-2020,0
Slovenia,0.0,0.0,0.0,0.0,02-18-2020,0
Slovenia,0.0,0.0,0.0,0.0,02-19-2020,0
Slovenia,0.0,0.0,0.0,0.0,02-20-2020,0
Slovenia,0.0,0.0,0.0,0.0,02-21-2020,0
Slovenia,0.0,0.0,0.0,0.0,02-22-2020,0
Slovenia,0.0,0.0,0.0,0.0,02-23-2020,0
Slovenia,0.0,0.0,0.0,0.0,02-24-2020,0
Slovenia,0.0,0.0,0.0,0.0,02-25-2020,0
Slovenia,0.0,0.0,0.0,0.0,02-26-2020,0
Slovenia,0.0,0.0,0.0,0.0,02-27-2020,0
Slovenia,0.0,0.0,0.0,0.0,02-28-2020,0
Slovenia,0.0,0.0,0.0,0.0,02-29-2020,0
Slovenia,0.0,0.0,0.0,0.0,03-01-2020,0
Slovenia,0.0,0.0,0.0,0.0,03-02-2020,0
Slovenia,0.0,0.0,0.0,0.0,03-03-2020,0
Slovenia,0.0,0.0,0.0,0.0,03-04-2020,0
Slovenia,2.0,0.0,0.0,0.0,03-05-2020,2
Slovenia,7.0,0.0,0.0,0.0,03-06-2020,5
Slovenia,7.0,0.0,0.0,0.0,03-07-2020,5
Slovenia,16.0,0.0,0.0,0.0,03-08-2020,9
Slovenia,16.0,0.0,0.0,0.0,03-09-2020,9
Slovenia,31.0,0.0,0.0,0.0,03-10-2020,15
Slovenia,57.0,0.0,0.0,0.0,03-11-2020,26
Slovenia,89.0,0.0,0.0,0.0,03-12-2020,32
Slovenia,141.0,0.0,0.0,0.0,03-13-2020,52
Slovenia,181.0,0.0,1.0,0.0,03-14-2020,40
Slovenia,219.0,0.0,1.0,0.0,03-15-2020,38
Slovenia,253.0,0.0,1.0,0.0,03-16-2020,34
Slovenia,275.0,0.0,1.0,0.0,03-17-2020,22
Slovenia,275.0,0.0,1.0,0.0,03-18-2020,22
Slovenia,286.0,0.0,1.0,0.0,03-19-2020,11
Slovenia,341.0,0.0,1.0,0.0,03-20-2020,55
Slovenia,383.0,0.0,1.0,0.0,03-21-2020,42
Slovenia,414.0,0.0,2.0,412.0,03-22-2020,31
Slovenia,442.0,0.0,3.0,439.0,03-23-2020,28
Slovenia,480.0,3.0,4.0,473.0,03-24-2020,38
Slovenia,528.0,10.0,5.0,513.0,03-25-2020,48
Slovenia,562.0,10.0,6.0,546.0,03-26-2020,34
Slovenia,632.0,10.0,9.0,613.0,03-27-2020,70
Slovenia,684.0,10.0,9.0,665.0,03-28-2020,52
Slovenia,730.0,10.0,11.0,709.0,03-29-2020,46
Slovenia,756.0,10.0,11.0,735.0,03-30-2020,26
Slovenia,802.0,10.0,15.0,777.0,03-31-2020,46
Slovenia,841.0,10.0,15.0,816.0,04-01-2020,39
Slovenia,897.0,70.0,17.0,810.0,04-02-2020,56
Slovenia,934.0,70.0,20.0,844.0,04-03-2020,37
Slovenia,977.0,79.0,22.0,876.0,04-04-2020,43
Slovenia,997.0,79.0,28.0,890.0,04-05-2020,20
Slovenia,1021.0,102.0,30.0,889.0,04-06-2020,24
Slovenia,1059.0,102.0,36.0,921.0,04-07-2020,38
Slovenia,1091.0,120.0,40.0,931.0,04-08-2020,32
Slovenia,1124.0,128.0,43.0,953.0,04-09-2020,33
Slovenia,1160.0,137.0,45.0,978.0,04-10-2020,36
Slovenia,1188.0,148.0,50.0,990.0,04-11-2020,28
Slovenia,1205.0,150.0,53.0,1002.0,04-12-2020,17
Slovenia,1212.0,152.0,55.0,1005.0,04-13-2020,7
Slovenia,1220.0,152.0,56.0,1012.0,04-14-2020,8
Slovenia,1248.0,165.0,61.0,1022.0,04-15-2020,28
Slovenia,1268.0,174.0,61.0,1033.0,04-16-2020,20
Slovenia,1304.0,174.0,66.0,1064.0,04-17-2020,36
Slovenia,1317.0,190.0,70.0,1057.0,04-18-2020,13
Slovenia,1330.0,192.0,74.0,1064.0,04-19-2020,13
Slovenia,1335.0,193.0,77.0,1065.0,04-20-2020,5
Slovenia,1344.0,197.0,77.0,1070.0,04-21-2020,9
Slovenia,1353.0,205.0,79.0,1069.0,04-22-2020,9
Slovenia,1366.0,211.0,79.0,1076.0,04-23-2020,13
Slovenia,1373.0,211.0,80.0,1082.0,04-24-2020,7
Slovenia,1388.0,219.0,81.0,1088.0,04-25-2020,15
Slovenia,1396.0,221.0,82.0,1093.0,04-26-2020,8
Slovenia,1402.0,221.0,83.0,1098.0,04-27-2020,6
Slovenia,1408.0,223.0,86.0,1099.0,04-28-2020,6
Slovenia,1418.0,230.0,89.0,1099.0,04-29-2020,10
Slovenia,1429.0,233.0,91.0,1105.0,04-30-2020,11
Slovenia,1434.0,233.0,92.0,1109.0,05-01-2020,5
Slovenia,1439.0,239.0,94.0,1106.0,05-02-2020,5
Slovenia,1439.0,241.0,96.0,1102.0,05-03-2020,5
Slovenia,1439.0,241.0,97.0,1101.0,05-04-2020,5
Slovenia,1445.0,244.0,98.0,1103.0,05-05-2020,6
Slovenia,1448.0,246.0,99.0,1103.0,05-06-2020,3
Slovenia,1449.0,247.0,99.0,1103.0,05-07-2020,1
Slovenia,1450.0,252.0,100.0,1098.0,05-08-2020,1
Slovenia,1454.0,255.0,101.0,1098.0,05-09-2020,4
Slovenia,1457.0,256.0,102.0,1099.0,05-10-2020,3
Slovenia,1460.0,256.0,102.0,1102.0,05-11-2020,3
Slovenia,1461.0,259.0,102.0,1100.0,05-12-2020,1
Slovenia,1463.0,260.0,103.0,1100.0,05-13-2020,2
Slovenia,1464.0,267.0,103.0,1094.0,05-14-2020,1
Slovenia,1465.0,270.0,103.0,1092.0,05-15-2020,1
Slovenia,1465.0,272.0,103.0,1090.0,05-16-2020,1
Slovenia,1466.0,273.0,104.0,1089.0,05-17-2020,1
Slovenia,1466.0,1335.0,104.0,27.0,05-18-2020,1
Slovenia,1467.0,1338.0,104.0,25.0,05-19-2020,1
Slovenia,1468.0,1340.0,105.0,23.0,05-20-2020,1
Slovenia,1468.0,1340.0,106.0,22.0,05-21-2020,1
Slovenia,1468.0,1340.0,106.0,22.0,05-22-2020,1
Slovenia,1468.0,1340.0,106.0,22.0,05-23-2020,1
Slovenia,1468.0,1340.0,107.0,21.0,05-24-2020,1
Slovenia,1469.0,1346.0,107.0,16.0,05-25-2020,1
Slovenia,1469.0,1346.0,108.0,15.0,05-26-2020,1
Slovenia,1471.0,1354.0,108.0,9.0,05-27-2020,2
Slovenia,1473.0,1356.0,108.0,9.0,05-28-2020,2
Slovenia,1473.0,1357.0,108.0,8.0,05-29-2020,2
Slovenia,1473.0,1357.0,108.0,8.0,05-30-2020,2
Slovenia,1473.0,1358.0,108.0,7.0,05-31-2020,2
Slovenia,1473.0,1358.0,109.0,6.0,06-01-2020,2
Slovenia,1475.0,1358.0,109.0,8.0,06-02-2020,2
Slovenia,1477.0,1358.0,109.0,10.0,06-03-2020,2
Slovenia,1477.0,1359.0,109.0,9.0,06-04-2020,2
Slovenia,1479.0,1359.0,109.0,11.0,06-05-2020,2
Slovenia,1484.0,1359.0,109.0,16.0,06-06-2020,5
Slovenia,1485.0,1359.0,109.0,17.0,06-07-2020,1
Slovenia,1485.0,1359.0,109.0,17.0,06-08-2020,1
Slovenia,1486.0,1359.0,109.0,18.0,06-09-2020,1
Slovenia,1488.0,1359.0,109.0,20.0,06-10-2020,2
Slovenia,1488.0,1359.0,109.0,20.0,06-11-2020,2
Slovenia,1490.0,1359.0,109.0,22.0,06-12-2020,2
Slovenia,1492.0,1359.0,109.0,24.0,06-13-2020,2
Slovenia,1495.0,1359.0,109.0,27.0,06-14-2020,3
Slovenia,1496.0,1359.0,109.0,28.0,06-15-2020,1
Slovenia,1499.0,1359.0,109.0,31.0,06-16-2020,3
Slovenia,1503.0,1359.0,109.0,35.0,06-17-2020,4
Slovenia,1511.0,1359.0,109.0,43.0,06-18-2020,8
Slovenia,1513.0,1359.0,109.0,45.0,06-19-2020,2
Slovenia,1519.0,1359.0,109.0,51.0,06-20-2020,6
Slovenia,1520.0,1376.0,109.0,35.0,06-21-2020,1
Slovenia,1521.0,1376.0,109.0,36.0,06-22-2020,1
Slovenia,1534.0,1376.0,109.0,49.0,06-23-2020,13
Slovenia,1541.0,1376.0,109.0,56.0,06-24-2020,7
Slovenia,1547.0,1376.0,109.0,62.0,06-25-2020,6
Slovenia,1558.0,1376.0,109.0,73.0,06-26-2020,11
Slovenia,1572.0,1376.0,109.0,87.0,06-27-2020,14
Slovenia,1581.0,1384.0,111.0,86.0,06-28-2020,9
Slovenia,1585.0,1384.0,111.0,90.0,06-29-2020,4
Slovenia,1600.0,1384.0,111.0,105.0,06-30-2020,15
Slovenia,1613.0,1384.0,111.0,118.0,07-01-2020,13
Slovenia,1634.0,1384.0,111.0,139.0,07-02-2020,21
Slovenia,1650.0,1384.0,111.0,155.0,07-03-2020,16
Slovenia,1679.0,1384.0,111.0,184.0,07-04-2020,29
Slovenia,1700.0,1384.0,111.0,205.0,07-05-2020,21
Slovenia,1716.0,1384.0,111.0,221.0,07-06-2020,16
Slovenia,1739.0,1423.0,111.0,205.0,07-07-2020,23
Slovenia,1763.0,1429.0,111.0,223.0,07-08-2020,24
Slovenia,1776.0,1429.0,111.0,236.0,07-09-2020,13
Slovenia,1793.0,1429.0,111.0,253.0,07-10-2020,17
Slovenia,1827.0,1429.0,111.0,287.0,07-11-2020,34
Slovenia,1841.0,1469.0,111.0,261.0,07-12-2020,14
Slovenia,1849.0,1473.0,111.0,265.0,07-13-2020,8
Slovenia,1859.0,1488.0,111.0,260.0,07-14-2020,10
Slovenia,1878.0,1501.0,111.0,266.0,07-15-2020,19
Slovenia,1897.0,1522.0,111.0,264.0,07-16-2020,19
Slovenia,1916.0,1522.0,111.0,283.0,07-17-2020,19
Slovenia,1940.0,1568.0,111.0,261.0,07-18-2020,24
Slovenia,1946.0,1568.0,112.0,266.0,07-19-2020,6
Slovenia,1953.0,1603.0,113.0,237.0,07-20-2020,7
Slovenia,1977.0,1625.0,114.0,238.0,07-21-2020,24
Slovenia,2006.0,1648.0,115.0,243.0,07-22-2020,29
Slovenia,2033.0,1661.0,115.0,257.0,07-23-2020,27
Slovenia,2052.0,1678.0,115.0,259.0,07-24-2020,19
Slovenia,2066.0,1678.0,116.0,272.0,07-25-2020,14
Slovenia,2082.0,1678.0,116.0,288.0,07-26-2020,16
Slovenia,2087.0,1733.0,116.0,238.0,07-27-2020,5
Slovenia,2101.0,1742.0,117.0,242.0,07-28-2020,14
Slovenia,2115.0,1761.0,117.0,237.0,07-29-2020,14
Slovenia,2139.0,1780.0,117.0,242.0,07-30-2020,24
Slovenia,2156.0,1797.0,119.0,240.0,07-31-2020,17
Slovenia,2171.0,1821.0,119.0,231.0,08-01-2020,15
Slovenia,2180.0,1826.0,120.0,234.0,08-02-2020,9
Slovenia,2181.0,1831.0,122.0,228.0,08-03-2020,1
Slovenia,2190.0,1854.0,123.0,213.0,08-04-2020,9
Slovenia,2208.0,1884.0,124.0,200.0,08-05-2020,18
Slovenia,2223.0,1909.0,125.0,189.0,08-06-2020,15
Slovenia,2233.0,1927.0,125.0,181.0,08-07-2020,10
Slovenia,2247.0,1927.0,126.0,194.0,08-08-2020,14
Slovenia,2249.0,1927.0,127.0,195.0,08-09-2020,2
Slovenia,2255.0,1960.0,128.0,167.0,08-10-2020,6
Slovenia,2272.0,1960.0,129.0,183.0,08-11-2020,17
Slovenia,2303.0,1960.0,129.0,214.0,08-12-2020,31
Slovenia,2332.0,1960.0,129.0,243.0,08-13-2020,29
Slovenia,2369.0,2027.0,129.0,213.0,08-14-2020,37
Slovenia,2401.0,2042.0,129.0,230.0,08-15-2020,32
Slovenia,2416.0,2051.0,129.0,236.0,08-16-2020,15
Slovenia,2429.0,2052.0,129.0,248.0,08-17-2020,13
Slovenia,2456.0,2052.0,129.0,275.0,08-18-2020,27
Slovenia,2493.0,2079.0,129.0,285.0,08-19-2020,37
Slovenia,2536.0,2079.0,129.0,328.0,08-20-2020,43
Slovenia,2574.0,2079.0,130.0,365.0,08-21-2020,38
Slovenia,2617.0,2079.0,131.0,407.0,08-22-2020,43
Slovenia,2651.0,2079.0,131.0,441.0,08-23-2020,34
Slovenia,2665.0,2122.0,133.0,410.0,08-24-2020,14
Slovenia,2686.0,2139.0,133.0,414.0,08-25-2020,21
Slovenia,2722.0,2170.0,133.0,419.0,08-26-2020,36
Slovenia,2755.0,2199.0,133.0,423.0,08-27-2020,33
Slovenia,2797.0,2236.0,133.0,428.0,08-28-2020,42
Slovenia,2834.0,2268.0,133.0,433.0,08-29-2020,37
Slovenia,2865.0,2283.0,133.0,449.0,08-30-2020,31
Slovenia,2883.0,2296.0,133.0,454.0,08-31-2020,18
Slovenia,2924.0,2323.0,133.0,468.0,09-01-2020,41
Slovenia,2979.0,2359.0,134.0,486.0,09-02-2020,55
Slovenia,3032.0,2402.0,134.0,496.0,09-03-2020,53
Slovenia,3079.0,2440.0,134.0,505.0,09-04-2020,47
Slovenia,3122.0,2483.0,135.0,504.0,09-05-2020,43
Slovenia,3165.0,2483.0,135.0,547.0,09-06-2020,43
Slovenia,3190.0,2530.0,135.0,525.0,09-07-2020,25
Slovenia,3232.0,2533.0,135.0,564.0,09-08-2020,42
Slovenia,3312.0,2587.0,135.0,590.0,09-09-2020,80
Slovenia,3389.0,2620.0,135.0,634.0,09-10-2020,77
Slovenia,3497.0,2662.0,135.0,700.0,09-11-2020,108
Slovenia,3603.0,2699.0,135.0,769.0,09-12-2020,106
Slovenia,3702.0,2730.0,135.0,837.0,09-13-2020,99
Slovenia,3749.0,2730.0,135.0,884.0,09-14-2020,47
Slovenia,3831.0,2789.0,135.0,907.0,09-15-2020,82
Slovenia,3954.0,2844.0,135.0,975.0,09-16-2020,123
Slovenia,4058.0,2897.0,136.0,1025.0,09-17-2020,104
Slovenia,4195.0,2939.0,140.0,1116.0,09-18-2020,137
Slovenia,4309.0,2981.0,141.0,1187.0,09-19-2020,114
Slovenia,4420.0,3023.0,142.0,1255.0,09-20-2020,111
Slovenia,4470.0,3048.0,142.0,1280.0,09-21-2020,50
Slovenia,4558.0,3048.0,142.0,1368.0,09-22-2020,88
Slovenia,4694.0,3168.0,143.0,1383.0,09-23-2020,136
Slovenia,4816.0,3245.0,145.0,1426.0,09-24-2020,122
Slovenia,5007.0,3353.0,145.0,1509.0,09-25-2020,191
Slovenia,5191.0,3457.0,146.0,1588.0,09-26-2020,184
Slovenia,5350.0,3555.0,147.0,1648.0,09-27-2020,159
Slovenia,5388.0,3600.0,149.0,1639.0,09-28-2020,38
Slovenia,5487.0,3682.0,149.0,1656.0,09-29-2020,99
Slovenia,5690.0,3804.0,150.0,1736.0,09-30-2020,203
Slovenia,5865.0,3906.0,152.0,1807.0,10-01-2020,175
Slovenia,6103.0,4041.0,154.0,1908.0,10-02-2020,238
Slovenia,6330.0,4041.0,155.0,2134.0,10-03-2020,227
Slovenia,6498.0,4265.0,155.0,2078.0,10-04-2020,168
Slovenia,6673.0,4265.0,156.0,2103.0,10-05-2020,175
Slovenia,6764.0,4399.0,159.0,2206.0,10-06-2020,91
Slovenia,7120.0,4535.0,159.0,2426.0,10-07-2020,356
Slovenia,7507.0,4655.0,160.0,2692.0,10-08-2020,387
Slovenia,7872.0,4842.0,165.0,2865.0,10-09-2020,365
Slovenia,8252.0,5024.0,167.0,3061.0,10-10-2020,380
Slovenia,8663.0,5182.0,167.0,3314.0,10-11-2020,411
Slovenia,8832.0,5219.0,169.0,3444.0,10-12-2020,169
Slovenia,9231.0,5314.0,173.0,3744.0,10-13-2020,399
Slovenia,9938.0,5515.0,175.0,4248.0,10-14-2020,707
Slovenia,10683.0,5689.0,176.0,4818.0,10-15-2020,745
Slovenia,11517.0,5924.0,180.0,5413.0,10-16-2020,834
Slovenia,12416.0,6148.0,184.0,6084.0,10-17-2020,899
Slovenia,13142.0,6313.0,188.0,6641.0,10-18-2020,726
Slovenia,13679.0,6385.0,190.0,7104.0,10-19-2020,537
Slovenia,14473.0,6572.0,192.0,7709.0,10-20-2020,794
Slovenia,15982.0,6922.0,200.0,8860.0,10-21-2020,1509
Slovenia,17646.0,7299.0,211.0,10136.0,10-22-2020,1664
Slovenia,19307.0,7659.0,214.0,11434.0,10-23-2020,1661
Slovenia,21274.0,8018.0,235.0,13021.0,10-24-2020,1967
Slovenia,22950.0,8424.0,240.0,14286.0,10-25-2020,1676
Slovenia,24080.0,8582.0,251.0,15247.0,10-26-2020,1130
Slovenia,25603.0,8968.0,264.0,16371.0,10-27-2020,1523
Slovenia,28215.0,9667.0,278.0,18270.0,10-28-2020,2612
Slovenia,30705.0,10401.0,292.0,20012.0,10-29-2020,2490
Slovenia,32503.0,11208.0,315.0,20980.0,10-30-2020,1798
Slovenia,34307.0,12091.0,338.0,21878.0,10-31-2020,1804
Slovenia,35649.0,12785.0,363.0,22501.0,11-01-2020,1342
Slovenia,36206.0,13297.0,388.0,22521.0,11-02-2020,557
Slovenia,37382.0,14074.0,412.0,22896.0,11-03-2020,1176
Slovenia,39408.0,15550.0,441.0,23417.0,11-04-2020,2026
Slovenia,41094.0,17190.0,471.0,23433.0,11-05-2020,1686
Slovenia,42658.0,18825.0,497.0,23336.0,11-06-2020,1564
Slovenia,44270.0,20767.0,531.0,22972.0,11-07-2020,1612
Slovenia,45161.0,22443.0,554.0,22164.0,11-08-2020,891
Slovenia,45625.0,23533.0,578.0,21514.0,11-09-2020,464
Slovenia,46717.0,25007.0,605.0,21105.0,11-10-2020,1092
Slovenia,48939.0,27577.0,645.0,20717.0,11-11-2020,2222
Slovenia,50870.0,30027.0,686.0,20157.0,11-12-2020,1931
Slovenia,52385.0,31792.0,724.0,19869.0,11-13-2020,1515
Slovenia,54122.0,33548.0,765.0,19809.0,11-14-2020,1737
Slovenia,55042.0,34864.0,797.0,19381.0,11-15-2020,920
Slovenia,55544.0,35387.0,831.0,19326.0,11-16-2020,502
Slovenia,56937.0,36519.0,876.0,19542.0,11-17-2020,1393
Slovenia,58964.0,38507.0,919.0,19538.0,11-18-2020,2027
Slovenia,61034.0,40153.0,964.0,19917.0,11-19-2020,2070
Slovenia,62580.0,41691.0,995.0,19894.0,11-20-2020,1546
Slovenia,64284.0,43272.0,1026.0,19986.0,11-21-2020,1704
Slovenia,65308.0,44137.0,1052.0,20119.0,11-22-2020,1024
Slovenia,65778.0,44558.0,1097.0,20123.0,11-23-2020,470
Slovenia,67080.0,45587.0,1156.0,20337.0,11-24-2020,1302
Slovenia,69306.0,47770.0,1199.0,20337.0,11-25-2020,2226
Slovenia,71073.0,49654.0,1245.0,20174.0,11-26-2020,1767
Slovenia,72674.0,51121.0,1293.0,20260.0,11-27-2020,1601
Slovenia,74257.0,52814.0,1336.0,20107.0,11-28-2020,1583
Slovenia,75381.0,53687.0,1384.0,20310.0,11-29-2020,1124
Slovenia,75814.0,54138.0,1435.0,20241.0,11-30-2020,433
Slovenia,77135.0,55476.0,1490.0,20169.0,12-01-2020,1321
Slovenia,79566.0,57447.0,1547.0,20572.0,12-02-2020,2431
Slovenia,81349.0,59469.0,1592.0,20288.0,12-03-2020,1783
Slovenia,83133.0,60957.0,1653.0,20523.0,12-04-2020,1784
Slovenia,84775.0,62600.0,1700.0,20475.0,12-05-2020,1642
Slovenia,85805.0,63580.0,1744.0,20481.0,12-06-2020,1030
Slovenia,86288.0,63999.0,1796.0,20493.0,12-07-2020,483
Slovenia,87936.0,65240.0,1862.0,20834.0,12-08-2020,1648
Slovenia,90075.0,67437.0,1900.0,20738.0,12-09-2020,2139
Slovenia,91922.0,69170.0,1949.0,20803.0,12-10-2020,1847
Slovenia,93737.0,70733.0,1998.0,21006.0,12-11-2020,1815
Slovenia,95481.0,72290.0,2041.0,21150.0,12-12-2020,1744
Slovenia,96314.0,73377.0,2063.0,20874.0,12-13-2020,833
Slovenia,96745.0,73760.0,2107.0,20878.0,12-14-2020,431
Slovenia,98281.0,75017.0,2149.0,21115.0,12-15-2020,1536
Slovenia,100401.0,77453.0,2190.0,20758.0,12-16-2020,2120
Slovenia,102043.0,79193.0,2233.0,20617.0,12-17-2020,1642
Slovenia,103555.0,80935.0,2274.0,20346.0,12-18-2020,1512
Slovenia,105013.0,82541.0,2314.0,20158.0,12-19-2020,1458
