Country,Confirmed,Recovered,Deaths,Active,Date,New_infected
Australia,0.0,0.0,0.0,0.0,01-22-2020,0
Australia,0.0,0.0,0.0,0.0,01-23-2020,0
Australia,0.0,0.0,0.0,0.0,01-24-2020,0
Australia,4.0,0.0,0.0,0.0,01-25-2020,4
Australia,4.0,0.0,0.0,0.0,01-26-2020,4
Australia,5.0,0.0,0.0,0.0,01-27-2020,1
Australia,5.0,0.0,0.0,0.0,01-28-2020,1
Australia,5.0,0.0,0.0,0.0,01-29-2020,1
Australia,9.0,2.0,0.0,0.0,01-30-2020,4
Australia,9.0,2.0,0.0,0.0,01-31-2020,4
Australia,12.0,2.0,0.0,0.0,02-01-2020,3
Australia,12.0,2.0,0.0,0.0,02-02-2020,3
Australia,12.0,2.0,0.0,0.0,02-03-2020,3
Australia,13.0,2.0,0.0,0.0,02-04-2020,1
Australia,13.0,2.0,0.0,0.0,02-05-2020,1
Australia,14.0,2.0,0.0,0.0,02-06-2020,1
Australia,15.0,2.0,0.0,0.0,02-07-2020,1
Australia,15.0,2.0,0.0,0.0,02-08-2020,1
Australia,15.0,2.0,0.0,0.0,02-09-2020,1
Australia,15.0,2.0,0.0,0.0,02-10-2020,1
Australia,15.0,2.0,0.0,0.0,02-11-2020,1
Australia,15.0,2.0,0.0,0.0,02-12-2020,1
Australia,15.0,8.0,0.0,0.0,02-13-2020,1
Australia,15.0,8.0,0.0,0.0,02-14-2020,1
Australia,15.0,8.0,0.0,0.0,02-15-2020,1
Australia,15.0,8.0,0.0,0.0,02-16-2020,1
Australia,15.0,10.0,0.0,0.0,02-17-2020,1
Australia,15.0,10.0,0.0,0.0,02-18-2020,1
Australia,15.0,10.0,0.0,0.0,02-19-2020,1
Australia,15.0,10.0,0.0,0.0,02-20-2020,1
Australia,19.0,11.0,0.0,0.0,02-21-2020,4
Australia,22.0,11.0,0.0,0.0,02-22-2020,3
Australia,22.0,11.0,0.0,0.0,02-23-2020,3
Australia,22.0,11.0,0.0,0.0,02-24-2020,3
Australia,22.0,11.0,0.0,0.0,02-25-2020,3
Australia,22.0,11.0,0.0,0.0,02-26-2020,3
Australia,23.0,11.0,0.0,0.0,02-27-2020,1
Australia,23.0,11.0,0.0,0.0,02-28-2020,1
Australia,25.0,11.0,0.0,0.0,02-29-2020,2
Australia,27.0,11.0,1.0,0.0,03-01-2020,2
Australia,30.0,11.0,1.0,0.0,03-02-2020,3
Australia,39.0,11.0,1.0,0.0,03-03-2020,9
Australia,52.0,11.0,2.0,0.0,03-04-2020,13
Australia,55.0,21.0,2.0,0.0,03-05-2020,3
Australia,60.0,21.0,2.0,0.0,03-06-2020,5
Australia,63.0,21.0,2.0,0.0,03-07-2020,3
Australia,76.0,21.0,4.0,0.0,03-08-2020,13
Australia,91.0,21.0,4.0,0.0,03-09-2020,15
Australia,107.0,21.0,3.0,0.0,03-10-2020,16
Australia,128.0,21.0,3.0,0.0,03-11-2020,21
Australia,128.0,21.0,3.0,0.0,03-12-2020,21
Australia,200.0,23.0,3.0,0.0,03-13-2020,72
Australia,250.0,23.0,3.0,0.0,03-14-2020,50
Australia,297.0,23.0,3.0,0.0,03-15-2020,47
Australia,377.0,23.0,3.0,0.0,03-16-2020,80
Australia,452.0,23.0,5.0,0.0,03-17-2020,75
Australia,568.0,23.0,6.0,0.0,03-18-2020,116
Australia,681.0,26.0,6.0,0.0,03-19-2020,113
Australia,791.0,26.0,7.0,0.0,03-20-2020,110
Australia,1071.0,26.0,7.0,0.0,03-21-2020,280
Australia,1490.0,92.0,7.0,1391.0,03-22-2020,419
Australia,1682.0,119.0,7.0,1556.0,03-23-2020,192
Australia,2044.0,119.0,8.0,1917.0,03-24-2020,362
Australia,2364.0,119.0,8.0,2237.0,03-25-2020,320
Australia,2810.0,172.0,13.0,2625.0,03-26-2020,446
Australia,3143.0,194.0,13.0,2936.0,03-27-2020,333
Australia,3640.0,244.0,14.0,3382.0,03-28-2020,497
Australia,3984.0,244.0,16.0,3724.0,03-29-2020,344
Australia,4361.0,257.0,17.0,4087.0,03-30-2020,377
Australia,4559.0,358.0,18.0,4183.0,03-31-2020,198
Australia,4862.0,422.0,20.0,4420.0,04-01-2020,303
Australia,5116.0,520.0,24.0,4572.0,04-02-2020,254
Australia,5330.0,649.0,28.0,4653.0,04-03-2020,214
Australia,5550.0,701.0,30.0,4819.0,04-04-2020,220
Australia,5687.0,757.0,35.0,4895.0,04-05-2020,137
Australia,5797.0,1080.0,40.0,4677.0,04-06-2020,110
Australia,5895.0,1080.0,45.0,4770.0,04-07-2020,98
Australia,6010.0,1080.0,50.0,4880.0,04-08-2020,115
Australia,6108.0,1472.0,51.0,4585.0,04-09-2020,98
Australia,6215.0,1793.0,54.0,4368.0,04-10-2020,107
Australia,6303.0,1806.0,57.0,4440.0,04-11-2020,88
Australia,6315.0,1806.0,60.0,4449.0,04-12-2020,12
Australia,6351.0,1806.0,61.0,4484.0,04-13-2020,36
Australia,6415.0,2186.0,62.0,4167.0,04-14-2020,64
Australia,6440.0,2186.0,63.0,4191.0,04-15-2020,25
Australia,6462.0,2355.0,63.0,4044.0,04-16-2020,22
Australia,6522.0,3808.0,66.0,2648.0,04-17-2020,60
Australia,6547.0,4124.0,67.0,2356.0,04-18-2020,25
Australia,6547.0,4124.0,67.0,2356.0,04-19-2020,25
Australia,6547.0,4124.0,67.0,2356.0,04-20-2020,25
Australia,6547.0,4124.0,67.0,2356.0,04-21-2020,25
Australia,6547.0,4124.0,67.0,2356.0,04-22-2020,25
Australia,6661.0,4124.0,75.0,2462.0,04-23-2020,114
Australia,6677.0,4124.0,79.0,2474.0,04-24-2020,16
Australia,6694.0,4223.0,80.0,2391.0,04-25-2020,17
Australia,6714.0,5541.0,83.0,1090.0,04-26-2020,20
Australia,6721.0,5588.0,83.0,1050.0,04-27-2020,7
Australia,6744.0,5665.0,89.0,990.0,04-28-2020,23
Australia,6752.0,5715.0,91.0,946.0,04-29-2020,8
Australia,6766.0,5742.0,93.0,931.0,04-30-2020,14
Australia,6778.0,5775.0,93.0,910.0,05-01-2020,12
Australia,6799.0,5814.0,94.0,891.0,05-02-2020,21
Australia,6822.0,5849.0,95.0,878.0,05-03-2020,23
Australia,6847.0,5887.0,96.0,864.0,05-04-2020,25
Australia,6875.0,5975.0,97.0,803.0,05-05-2020,28
Australia,6894.0,6031.0,97.0,766.0,05-06-2020,19
Australia,6913.0,6078.0,97.0,738.0,05-07-2020,19
Australia,6918.0,6122.0,97.0,699.0,05-08-2020,5
Australia,6939.0,6141.0,97.0,701.0,05-09-2020,21
Australia,6948.0,6167.0,97.0,684.0,05-10-2020,9
Australia,6970.0,6213.0,97.0,660.0,05-11-2020,22
Australia,6980.0,6270.0,98.0,612.0,05-12-2020,10
Australia,6989.0,6297.0,98.0,594.0,05-13-2020,9
Australia,7019.0,6334.0,98.0,587.0,05-14-2020,30
Australia,7035.0,6359.0,98.0,578.0,05-15-2020,16
Australia,7044.0,6364.0,98.0,582.0,05-16-2020,9
Australia,7054.0,6392.0,99.0,563.0,05-17-2020,10
Australia,7068.0,6413.0,99.0,556.0,05-18-2020,14
Australia,7072.0,6431.0,100.0,541.0,05-19-2020,4
Australia,7081.0,6470.0,100.0,511.0,05-20-2020,9
Australia,7095.0,6478.0,101.0,516.0,05-21-2020,14
Australia,7099.0,6485.0,101.0,513.0,05-22-2020,4
Australia,7114.0,6508.0,102.0,504.0,05-23-2020,15
Australia,7114.0,6531.0,102.0,481.0,05-24-2020,15
Australia,7126.0,6552.0,102.0,472.0,05-25-2020,12
Australia,7139.0,6560.0,103.0,476.0,05-26-2020,13
Australia,7150.0,6579.0,103.0,468.0,05-27-2020,11
Australia,7165.0,6576.0,103.0,486.0,05-28-2020,15
Australia,7184.0,6605.0,103.0,476.0,05-29-2020,19
Australia,7192.0,6614.0,103.0,475.0,05-30-2020,8
Australia,7202.0,6618.0,103.0,481.0,05-31-2020,10
Australia,7221.0,6626.0,102.0,493.0,06-01-2020,19
Australia,7229.0,6636.0,102.0,491.0,06-02-2020,8
Australia,7240.0,6648.0,102.0,490.0,06-03-2020,11
Australia,7247.0,6683.0,102.0,462.0,06-04-2020,7
Australia,7252.0,6688.0,102.0,462.0,06-05-2020,5
Australia,7259.0,6703.0,102.0,454.0,06-06-2020,7
Australia,7265.0,6706.0,102.0,457.0,06-07-2020,6
Australia,7267.0,6720.0,102.0,445.0,06-08-2020,2
Australia,7274.0,6740.0,102.0,432.0,06-09-2020,7
Australia,7285.0,6759.0,102.0,424.0,06-10-2020,11
Australia,7289.0,6782.0,102.0,405.0,06-11-2020,4
Australia,7294.0,6803.0,102.0,389.0,06-12-2020,5
Australia,7320.0,6838.0,102.0,380.0,06-13-2020,26
Australia,7335.0,6851.0,102.0,382.0,06-14-2020,15
Australia,7347.0,6856.0,102.0,389.0,06-15-2020,12
Australia,7370.0,6861.0,102.0,407.0,06-16-2020,23
Australia,7391.0,6877.0,102.0,412.0,06-17-2020,21
Australia,7409.0,6878.0,102.0,429.0,06-18-2020,18
Australia,7411.0,6881.0,102.0,428.0,06-19-2020,2
Australia,7461.0,6896.0,102.0,463.0,06-20-2020,50
Australia,7474.0,6903.0,102.0,469.0,06-21-2020,13
Australia,7492.0,6915.0,102.0,475.0,06-22-2020,18
Australia,7521.0,6924.0,103.0,494.0,06-23-2020,29
Australia,7558.0,6931.0,104.0,523.0,06-24-2020,37
Australia,7595.0,6958.0,104.0,533.0,06-25-2020,37
Australia,7601.0,6960.0,104.0,537.0,06-26-2020,6
Australia,7686.0,6993.0,104.0,589.0,06-27-2020,85
Australia,7764.0,7007.0,104.0,653.0,06-28-2020,78
Australia,7834.0,7037.0,104.0,693.0,06-29-2020,70
Australia,7920.0,7040.0,104.0,776.0,06-30-2020,86
Australia,8001.0,7090.0,104.0,807.0,07-01-2020,81
Australia,8066.0,7130.0,104.0,832.0,07-02-2020,65
Australia,8260.0,7319.0,104.0,837.0,07-03-2020,194
Australia,8443.0,7399.0,104.0,940.0,07-04-2020,183
Australia,8583.0,7420.0,106.0,1057.0,07-05-2020,140
Australia,8755.0,7455.0,106.0,1194.0,07-06-2020,172
Australia,8886.0,7487.0,106.0,1293.0,07-07-2020,131
Australia,9056.0,7573.0,106.0,1377.0,07-08-2020,170
Australia,9374.0,7576.0,106.0,1692.0,07-09-2020,318
Australia,9553.0,7733.0,107.0,1713.0,07-10-2020,179
Australia,9797.0,7727.0,108.0,1962.0,07-11-2020,244
Australia,9980.0,7769.0,108.0,2103.0,07-12-2020,183
Australia,10251.0,7835.0,108.0,2308.0,07-13-2020,271
Australia,10487.0,7928.0,111.0,2448.0,07-14-2020,236
Australia,10810.0,8035.0,113.0,2662.0,07-15-2020,323
Australia,11233.0,8114.0,116.0,3003.0,07-16-2020,423
Australia,11441.0,8162.0,118.0,3161.0,07-17-2020,208
Australia,11802.0,8274.0,122.0,3406.0,07-18-2020,361
Australia,12069.0,8395.0,123.0,3551.0,07-19-2020,267
Australia,12428.0,8398.0,126.0,3904.0,07-20-2020,359
Australia,12894.0,8545.0,128.0,4221.0,07-21-2020,466
Australia,13305.0,8775.0,133.0,4397.0,07-22-2020,411
Australia,13595.0,8775.0,139.0,4681.0,07-23-2020,290
Australia,13950.0,8938.0,145.0,4867.0,07-24-2020,355
Australia,14403.0,9019.0,155.0,5229.0,07-25-2020,453
Australia,14935.0,9174.0,161.0,5600.0,07-26-2020,532
Australia,15303.0,9311.0,167.0,5825.0,07-27-2020,368
Australia,15582.0,9617.0,176.0,5789.0,07-28-2020,279
Australia,16298.0,9619.0,189.0,6490.0,07-29-2020,716
Australia,16903.0,9759.0,196.0,6948.0,07-30-2020,605
Australia,17280.0,9983.0,201.0,7096.0,07-31-2020,377
Australia,17895.0,10204.0,208.0,7483.0,08-01-2020,615
Australia,18318.0,10622.0,221.0,7475.0,08-02-2020,423
Australia,18730.0,10623.0,232.0,7875.0,08-03-2020,412
Australia,19445.0,10799.0,247.0,8399.0,08-04-2020,715
Australia,19890.0,10941.0,255.0,8694.0,08-05-2020,445
Australia,20272.0,11119.0,266.0,8887.0,08-06-2020,382
Australia,20698.0,11560.0,278.0,8860.0,08-07-2020,426
Australia,21084.0,11874.0,295.0,8915.0,08-08-2020,386
Australia,21397.0,11876.0,313.0,9208.0,08-09-2020,313
Australia,21713.0,12144.0,331.0,9238.0,08-10-2020,316
Australia,22127.0,12395.0,352.0,9380.0,08-11-2020,414
Australia,22358.0,12779.0,361.0,9218.0,08-12-2020,231
Australia,22742.0,13001.0,375.0,9366.0,08-13-2020,384
Australia,23035.0,13632.0,379.0,9024.0,08-14-2020,293
Australia,23287.0,13635.0,396.0,9256.0,08-15-2020,252
Australia,23558.0,14085.0,421.0,9052.0,08-16-2020,271
Australia,23773.0,14538.0,438.0,8797.0,08-17-2020,215
Australia,23989.0,14929.0,450.0,8610.0,08-18-2020,216
Australia,24236.0,15249.0,463.0,8524.0,08-19-2020,247
Australia,24407.0,17854.0,472.0,6081.0,08-20-2020,171
Australia,24602.0,18460.0,485.0,5657.0,08-21-2020,195
Australia,24811.0,18760.0,502.0,5549.0,08-22-2020,209
Australia,24915.0,19233.0,517.0,5165.0,08-23-2020,104
Australia,25053.0,19603.0,525.0,4925.0,08-24-2020,138
Australia,25204.0,20100.0,549.0,4555.0,08-25-2020,151
Australia,25322.0,20101.0,572.0,4649.0,08-26-2020,118
Australia,25448.0,20367.0,583.0,4498.0,08-27-2020,126
Australia,25547.0,20633.0,600.0,4314.0,08-28-2020,99
Australia,25670.0,20860.0,611.0,4199.0,08-29-2020,123
Australia,25746.0,21116.0,652.0,3978.0,08-30-2020,76
Australia,25819.0,21350.0,657.0,3812.0,08-31-2020,73
Australia,25923.0,21689.0,663.0,3571.0,09-01-2020,104
Australia,26049.0,21692.0,678.0,3679.0,09-02-2020,126
Australia,26136.0,21914.0,737.0,3485.0,09-03-2020,87
Australia,26207.0,22172.0,748.0,3287.0,09-04-2020,71
Australia,26278.0,22330.0,753.0,3195.0,09-05-2020,71
Australia,26321.0,22467.0,762.0,3092.0,09-06-2020,43
Australia,26373.0,22604.0,770.0,2999.0,09-07-2020,52
Australia,26465.0,22725.0,781.0,2959.0,09-08-2020,92
Australia,26524.0,22863.0,788.0,2862.0,09-09-2020,59
Australia,26564.0,23039.0,797.0,2728.0,09-10-2020,40
Australia,26607.0,23329.0,803.0,2475.0,09-11-2020,43
Australia,26651.0,23340.0,810.0,2501.0,09-12-2020,44
Australia,26692.0,23465.0,816.0,2411.0,09-13-2020,41
Australia,26739.0,23579.0,816.0,2344.0,09-14-2020,47
Australia,26778.0,23652.0,824.0,2302.0,09-15-2020,39
Australia,26813.0,23792.0,832.0,2189.0,09-16-2020,35
Australia,26861.0,23854.0,837.0,2170.0,09-17-2020,48
Australia,26885.0,23861.0,844.0,2180.0,09-18-2020,24
Australia,26898.0,23968.0,849.0,2081.0,09-19-2020,13
Australia,26912.0,24063.0,851.0,1998.0,09-20-2020,14
Australia,26942.0,24157.0,854.0,1931.0,09-21-2020,30
Australia,26972.0,24331.0,859.0,1782.0,09-22-2020,30
Australia,26980.0,24448.0,861.0,1671.0,09-23-2020,8
Australia,27000.0,24523.0,869.0,1608.0,09-24-2020,20
Australia,27016.0,24523.0,870.0,1623.0,09-25-2020,16
Australia,27040.0,24573.0,872.0,1595.0,09-26-2020,24
Australia,27044.0,24633.0,875.0,1536.0,09-27-2020,4
Australia,27055.0,24681.0,882.0,1492.0,09-28-2020,11
Australia,27078.0,24752.0,886.0,1440.0,09-29-2020,23
Australia,27096.0,24784.0,888.0,1424.0,09-30-2020,18
Australia,27109.0,24788.0,890.0,1431.0,10-01-2020,13
Australia,27121.0,24850.0,893.0,1378.0,10-02-2020,12
Australia,27135.0,24866.0,894.0,1375.0,10-03-2020,14
Australia,27148.0,24890.0,894.0,1364.0,10-04-2020,13
Australia,27173.0,24892.0,895.0,1386.0,10-05-2020,25
Australia,27181.0,24917.0,897.0,1367.0,10-06-2020,8
Australia,27206.0,24939.0,897.0,1370.0,10-07-2020,25
Australia,27226.0,24969.0,897.0,1360.0,10-08-2020,20
Australia,27244.0,24987.0,897.0,1360.0,10-09-2020,18
Australia,27263.0,24987.0,898.0,1378.0,10-10-2020,19
Australia,27285.0,25000.0,898.0,1387.0,10-11-2020,22
Australia,27310.0,25029.0,899.0,1382.0,10-12-2020,25
Australia,27337.0,25046.0,904.0,1387.0,10-13-2020,27
Australia,27357.0,25047.0,904.0,1406.0,10-14-2020,20
Australia,27371.0,25062.0,904.0,1405.0,10-15-2020,14
Australia,27378.0,25097.0,904.0,1377.0,10-16-2020,7
Australia,27390.0,25098.0,904.0,1388.0,10-17-2020,12
Australia,27399.0,25108.0,905.0,1386.0,10-18-2020,9
Australia,27405.0,25112.0,905.0,1388.0,10-19-2020,6
Australia,27443.0,25125.0,905.0,1413.0,10-20-2020,38
Australia,27458.0,25148.0,905.0,1405.0,10-21-2020,15
Australia,27476.0,25161.0,905.0,1410.0,10-22-2020,18
Australia,27495.0,25173.0,905.0,1417.0,10-23-2020,19
Australia,27513.0,25179.0,905.0,1429.0,10-24-2020,18
Australia,27525.0,25196.0,905.0,1424.0,10-25-2020,12
Australia,27539.0,25212.0,905.0,1422.0,10-26-2020,14
Australia,27553.0,25219.0,907.0,1427.0,10-27-2020,14
Australia,27565.0,25231.0,907.0,1427.0,10-28-2020,12
Australia,27579.0,25239.0,907.0,1433.0,10-29-2020,14
Australia,27585.0,25321.0,907.0,1357.0,10-30-2020,6
Australia,27595.0,25336.0,907.0,1352.0,10-31-2020,10
Australia,27601.0,25352.0,907.0,1342.0,11-01-2020,6
Australia,27610.0,25384.0,907.0,1319.0,11-02-2020,9
Australia,27622.0,25407.0,907.0,1308.0,11-03-2020,12
Australia,27630.0,25418.0,907.0,1305.0,11-04-2020,8
Australia,27644.0,25427.0,907.0,1310.0,11-05-2020,14
Australia,27652.0,25440.0,907.0,1305.0,11-06-2020,8
Australia,27658.0,25451.0,907.0,1300.0,11-07-2020,6
Australia,27665.0,25451.0,907.0,1307.0,11-08-2020,7
Australia,27669.0,25454.0,907.0,1308.0,11-09-2020,4
Australia,27671.0,25454.0,907.0,1310.0,11-10-2020,2
Australia,27675.0,25455.0,907.0,1313.0,11-11-2020,4
Australia,27676.0,25459.0,907.0,1310.0,11-12-2020,1
Australia,27682.0,25463.0,907.0,1312.0,11-13-2020,6
Australia,27711.0,25467.0,907.0,1337.0,11-14-2020,29
Australia,27749.0,25468.0,907.0,1374.0,11-15-2020,38
Australia,27758.0,25499.0,907.0,1352.0,11-16-2020,9
Australia,27777.0,25505.0,907.0,1365.0,11-17-2020,19
Australia,27785.0,25507.0,907.0,1371.0,11-18-2020,8
Australia,27792.0,25511.0,907.0,1374.0,11-19-2020,7
Australia,27806.0,25521.0,907.0,1378.0,11-20-2020,14
Australia,27821.0,25522.0,907.0,1392.0,11-21-2020,15
Australia,27834.0,25527.0,907.0,1400.0,11-22-2020,13
Australia,27843.0,25533.0,907.0,1403.0,11-23-2020,9
Australia,27853.0,25539.0,907.0,1407.0,11-24-2020,10
Australia,27865.0,25547.0,907.0,1411.0,11-25-2020,12
Australia,27873.0,25570.0,907.0,1396.0,11-26-2020,8
Australia,27886.0,25585.0,907.0,1394.0,11-27-2020,13
Australia,27892.0,25588.0,907.0,1397.0,11-28-2020,6
Australia,27902.0,25592.0,908.0,1403.0,11-29-2020,10
Australia,27912.0,25602.0,908.0,1402.0,11-30-2020,10
Australia,27923.0,25606.0,908.0,1409.0,12-01-2020,11
Australia,27939.0,25614.0,908.0,1417.0,12-02-2020,16
Australia,27949.0,25629.0,908.0,1412.0,12-03-2020,10
Australia,27956.0,25634.0,908.0,1414.0,12-04-2020,7
Australia,27965.0,25639.0,908.0,1418.0,12-05-2020,9
Australia,27972.0,25642.0,908.0,1422.0,12-06-2020,7
Australia,27987.0,25646.0,908.0,1433.0,12-07-2020,15
Australia,27993.0,25651.0,908.0,1434.0,12-08-2020,6
Australia,28000.0,25664.0,908.0,1428.0,12-09-2020,7
Australia,28011.0,25665.0,908.0,1438.0,12-10-2020,11
Australia,28025.0,25671.0,908.0,1446.0,12-11-2020,14
Australia,28030.0,25675.0,908.0,1447.0,12-12-2020,5
Australia,28037.0,25676.0,908.0,1453.0,12-13-2020,7
Australia,28048.0,25689.0,908.0,1451.0,12-14-2020,11
Australia,28060.0,25690.0,908.0,1462.0,12-15-2020,12
Australia,28072.0,25696.0,908.0,1468.0,12-16-2020,12
Australia,28093.0,25699.0,908.0,1486.0,12-17-2020,21
Australia,28126.0,25700.0,908.0,1518.0,12-18-2020,33
Australia,28168.0,25704.0,908.0,1556.0,12-19-2020,42
