Country,Confirmed,Recovered,Deaths,Active,Date,New_infected
Zimbabwe,0.0,0.0,0.0,0.0,01-22-2020,0
Zimbabwe,0.0,0.0,0.0,0.0,01-23-2020,0
Zimbabwe,0.0,0.0,0.0,0.0,01-24-2020,0
Zimbabwe,0.0,0.0,0.0,0.0,01-25-2020,0
Zimbabwe,0.0,0.0,0.0,0.0,01-26-2020,0
Zimbabwe,0.0,0.0,0.0,0.0,01-27-2020,0
Zimbabwe,0.0,0.0,0.0,0.0,01-28-2020,0
Zimbabwe,0.0,0.0,0.0,0.0,01-29-2020,0
Zimbabwe,0.0,0.0,0.0,0.0,01-30-2020,0
Zimbabwe,0.0,0.0,0.0,0.0,01-31-2020,0
Zimbabwe,0.0,0.0,0.0,0.0,02-01-2020,0
Zimbabwe,0.0,0.0,0.0,0.0,02-02-2020,0
Zimbabwe,0.0,0.0,0.0,0.0,02-03-2020,0
Zimbabwe,0.0,0.0,0.0,0.0,02-04-2020,0
Zimbabwe,0.0,0.0,0.0,0.0,02-05-2020,0
Zimbabwe,0.0,0.0,0.0,0.0,02-06-2020,0
Zimbabwe,0.0,0.0,0.0,0.0,02-07-2020,0
Zimbabwe,0.0,0.0,0.0,0.0,02-08-2020,0
Zimbabwe,0.0,0.0,0.0,0.0,02-09-2020,0
Zimbabwe,0.0,0.0,0.0,0.0,02-10-2020,0
Zimbabwe,0.0,0.0,0.0,0.0,02-11-2020,0
Zimbabwe,0.0,0.0,0.0,0.0,02-12-2020,0
Zimbabwe,0.0,0.0,0.0,0.0,02-13-2020,0
Zimbabwe,0.0,0.0,0.0,0.0,02-14-2020,0
Zimbabwe,0.0,0.0,0.0,0.0,02-15-2020,0
Zimbabwe,0.0,0.0,0.0,0.0,02-16-2020,0
Zimbabwe,0.0,0.0,0.0,0.0,02-17-2020,0
Zimbabwe,0.0,0.0,0.0,0.0,02-18-2020,0
Zimbabwe,0.0,0.0,0.0,0.0,02-19-2020,0
Zimbabwe,0.0,0.0,0.0,0.0,02-20-2020,0
Zimbabwe,0.0,0.0,0.0,0.0,02-21-2020,0
Zimbabwe,0.0,0.0,0.0,0.0,02-22-2020,0
Zimbabwe,0.0,0.0,0.0,0.0,02-23-2020,0
Zimbabwe,0.0,0.0,0.0,0.0,02-24-2020,0
Zimbabwe,0.0,0.0,0.0,0.0,02-25-2020,0
Zimbabwe,0.0,0.0,0.0,0.0,02-26-2020,0
Zimbabwe,0.0,0.0,0.0,0.0,02-27-2020,0
Zimbabwe,0.0,0.0,0.0,0.0,02-28-2020,0
Zimbabwe,0.0,0.0,0.0,0.0,02-29-2020,0
Zimbabwe,0.0,0.0,0.0,0.0,03-01-2020,0
Zimbabwe,0.0,0.0,0.0,0.0,03-02-2020,0
Zimbabwe,0.0,0.0,0.0,0.0,03-03-2020,0
Zimbabwe,0.0,0.0,0.0,0.0,03-04-2020,0
Zimbabwe,0.0,0.0,0.0,0.0,03-05-2020,0
Zimbabwe,0.0,0.0,0.0,0.0,03-06-2020,0
Zimbabwe,0.0,0.0,0.0,0.0,03-07-2020,0
Zimbabwe,0.0,0.0,0.0,0.0,03-08-2020,0
Zimbabwe,0.0,0.0,0.0,0.0,03-09-2020,0
Zimbabwe,0.0,0.0,0.0,0.0,03-10-2020,0
Zimbabwe,0.0,0.0,0.0,0.0,03-11-2020,0
Zimbabwe,0.0,0.0,0.0,0.0,03-12-2020,0
Zimbabwe,0.0,0.0,0.0,0.0,03-13-2020,0
Zimbabwe,0.0,0.0,0.0,0.0,03-14-2020,0
Zimbabwe,0.0,0.0,0.0,0.0,03-15-2020,0
Zimbabwe,0.0,0.0,0.0,0.0,03-16-2020,0
Zimbabwe,0.0,0.0,0.0,0.0,03-17-2020,0
Zimbabwe,0.0,0.0,0.0,0.0,03-18-2020,0
Zimbabwe,0.0,0.0,0.0,0.0,03-19-2020,0
Zimbabwe,1.0,0.0,0.0,0.0,03-20-2020,1
Zimbabwe,3.0,0.0,0.0,0.0,03-21-2020,2
Zimbabwe,3.0,0.0,0.0,3.0,03-22-2020,2
Zimbabwe,3.0,0.0,1.0,2.0,03-23-2020,2
Zimbabwe,3.0,0.0,1.0,2.0,03-24-2020,2
Zimbabwe,3.0,0.0,1.0,2.0,03-25-2020,2
Zimbabwe,3.0,0.0,1.0,2.0,03-26-2020,2
Zimbabwe,5.0,0.0,1.0,4.0,03-27-2020,2
Zimbabwe,7.0,0.0,1.0,6.0,03-28-2020,2
Zimbabwe,7.0,0.0,1.0,6.0,03-29-2020,2
Zimbabwe,7.0,0.0,1.0,6.0,03-30-2020,2
Zimbabwe,8.0,0.0,1.0,7.0,03-31-2020,1
Zimbabwe,8.0,0.0,1.0,7.0,04-01-2020,1
Zimbabwe,9.0,0.0,1.0,8.0,04-02-2020,1
Zimbabwe,9.0,0.0,1.0,8.0,04-03-2020,1
Zimbabwe,9.0,0.0,1.0,8.0,04-04-2020,1
Zimbabwe,9.0,0.0,1.0,8.0,04-05-2020,1
Zimbabwe,10.0,0.0,1.0,9.0,04-06-2020,1
Zimbabwe,11.0,0.0,2.0,9.0,04-07-2020,1
Zimbabwe,11.0,0.0,3.0,8.0,04-08-2020,1
Zimbabwe,11.0,0.0,3.0,8.0,04-09-2020,1
Zimbabwe,13.0,0.0,3.0,10.0,04-10-2020,2
Zimbabwe,14.0,0.0,3.0,11.0,04-11-2020,1
Zimbabwe,14.0,0.0,3.0,11.0,04-12-2020,1
Zimbabwe,17.0,0.0,3.0,14.0,04-13-2020,3
Zimbabwe,17.0,0.0,3.0,14.0,04-14-2020,3
Zimbabwe,23.0,1.0,3.0,19.0,04-15-2020,6
Zimbabwe,23.0,1.0,3.0,19.0,04-16-2020,6
Zimbabwe,24.0,2.0,3.0,19.0,04-17-2020,1
Zimbabwe,25.0,2.0,3.0,20.0,04-18-2020,1
Zimbabwe,25.0,2.0,3.0,20.0,04-19-2020,1
Zimbabwe,25.0,2.0,3.0,20.0,04-20-2020,1
Zimbabwe,28.0,2.0,3.0,23.0,04-21-2020,3
Zimbabwe,28.0,2.0,4.0,22.0,04-22-2020,3
Zimbabwe,28.0,2.0,4.0,22.0,04-23-2020,3
Zimbabwe,29.0,2.0,4.0,23.0,04-24-2020,1
Zimbabwe,31.0,2.0,4.0,25.0,04-25-2020,2
Zimbabwe,31.0,2.0,4.0,25.0,04-26-2020,2
Zimbabwe,32.0,5.0,4.0,23.0,04-27-2020,1
Zimbabwe,32.0,5.0,4.0,23.0,04-28-2020,1
Zimbabwe,32.0,5.0,4.0,23.0,04-29-2020,1
Zimbabwe,40.0,5.0,4.0,31.0,04-30-2020,8
Zimbabwe,40.0,5.0,4.0,31.0,05-01-2020,8
Zimbabwe,34.0,5.0,4.0,25.0,05-02-2020,6
Zimbabwe,34.0,5.0,4.0,25.0,05-03-2020,6
Zimbabwe,34.0,5.0,4.0,25.0,05-04-2020,6
Zimbabwe,34.0,5.0,4.0,25.0,05-05-2020,6
Zimbabwe,34.0,5.0,4.0,25.0,05-06-2020,6
Zimbabwe,34.0,5.0,4.0,25.0,05-07-2020,6
Zimbabwe,34.0,9.0,4.0,21.0,05-08-2020,6
Zimbabwe,35.0,9.0,4.0,22.0,05-09-2020,1
Zimbabwe,36.0,9.0,4.0,23.0,05-10-2020,1
Zimbabwe,36.0,9.0,4.0,23.0,05-11-2020,1
Zimbabwe,36.0,9.0,4.0,23.0,05-12-2020,1
Zimbabwe,37.0,12.0,4.0,21.0,05-13-2020,1
Zimbabwe,37.0,13.0,4.0,20.0,05-14-2020,1
Zimbabwe,42.0,13.0,4.0,25.0,05-15-2020,5
Zimbabwe,42.0,13.0,4.0,25.0,05-16-2020,5
Zimbabwe,44.0,17.0,4.0,23.0,05-17-2020,2
Zimbabwe,46.0,18.0,4.0,24.0,05-18-2020,2
Zimbabwe,46.0,18.0,4.0,24.0,05-19-2020,2
Zimbabwe,48.0,18.0,4.0,26.0,05-20-2020,2
Zimbabwe,51.0,18.0,4.0,29.0,05-21-2020,3
Zimbabwe,51.0,18.0,4.0,29.0,05-22-2020,3
Zimbabwe,56.0,18.0,4.0,34.0,05-23-2020,5
Zimbabwe,56.0,25.0,4.0,27.0,05-24-2020,5
Zimbabwe,56.0,25.0,4.0,27.0,05-25-2020,5
Zimbabwe,56.0,25.0,4.0,27.0,05-26-2020,5
Zimbabwe,132.0,25.0,4.0,103.0,05-27-2020,76
Zimbabwe,149.0,28.0,4.0,117.0,05-28-2020,17
Zimbabwe,149.0,28.0,4.0,117.0,05-29-2020,17
Zimbabwe,174.0,29.0,4.0,141.0,05-30-2020,25
Zimbabwe,178.0,29.0,4.0,145.0,05-31-2020,4
Zimbabwe,203.0,29.0,4.0,170.0,06-01-2020,25
Zimbabwe,206.0,29.0,4.0,173.0,06-02-2020,3
Zimbabwe,222.0,29.0,4.0,189.0,06-03-2020,16
Zimbabwe,237.0,31.0,4.0,202.0,06-04-2020,15
Zimbabwe,265.0,33.0,4.0,228.0,06-05-2020,28
Zimbabwe,279.0,33.0,4.0,242.0,06-06-2020,14
Zimbabwe,282.0,34.0,4.0,244.0,06-07-2020,3
Zimbabwe,287.0,46.0,4.0,237.0,06-08-2020,5
Zimbabwe,314.0,46.0,4.0,264.0,06-09-2020,27
Zimbabwe,320.0,49.0,4.0,267.0,06-10-2020,6
Zimbabwe,332.0,51.0,4.0,277.0,06-11-2020,12
Zimbabwe,343.0,51.0,4.0,288.0,06-12-2020,11
Zimbabwe,356.0,54.0,4.0,298.0,06-13-2020,13
Zimbabwe,383.0,54.0,4.0,325.0,06-14-2020,27
Zimbabwe,387.0,54.0,4.0,329.0,06-15-2020,4
Zimbabwe,391.0,62.0,4.0,325.0,06-16-2020,4
Zimbabwe,401.0,63.0,4.0,334.0,06-17-2020,10
Zimbabwe,463.0,63.0,4.0,396.0,06-18-2020,62
Zimbabwe,479.0,63.0,4.0,412.0,06-19-2020,16
Zimbabwe,479.0,63.0,4.0,412.0,06-20-2020,16
Zimbabwe,489.0,64.0,6.0,419.0,06-21-2020,10
Zimbabwe,512.0,64.0,6.0,442.0,06-22-2020,23
Zimbabwe,525.0,64.0,6.0,455.0,06-23-2020,13
Zimbabwe,530.0,123.0,6.0,401.0,06-24-2020,5
Zimbabwe,551.0,128.0,6.0,417.0,06-25-2020,21
Zimbabwe,561.0,135.0,6.0,420.0,06-26-2020,10
Zimbabwe,567.0,142.0,6.0,419.0,06-27-2020,6
Zimbabwe,567.0,142.0,6.0,419.0,06-28-2020,6
Zimbabwe,574.0,152.0,7.0,415.0,06-29-2020,7
Zimbabwe,591.0,162.0,7.0,422.0,06-30-2020,17
Zimbabwe,605.0,166.0,7.0,432.0,07-01-2020,14
Zimbabwe,617.0,173.0,7.0,437.0,07-02-2020,12
Zimbabwe,625.0,176.0,7.0,442.0,07-03-2020,8
Zimbabwe,698.0,181.0,8.0,509.0,07-04-2020,73
Zimbabwe,716.0,181.0,8.0,527.0,07-05-2020,18
Zimbabwe,734.0,197.0,9.0,528.0,07-06-2020,18
Zimbabwe,787.0,201.0,9.0,577.0,07-07-2020,53
Zimbabwe,885.0,206.0,9.0,670.0,07-08-2020,98
Zimbabwe,885.0,206.0,9.0,670.0,07-09-2020,98
Zimbabwe,942.0,320.0,13.0,609.0,07-10-2020,57
Zimbabwe,982.0,320.0,18.0,644.0,07-11-2020,40
Zimbabwe,985.0,328.0,18.0,639.0,07-12-2020,3
Zimbabwe,1034.0,343.0,19.0,672.0,07-13-2020,49
Zimbabwe,1064.0,343.0,20.0,701.0,07-14-2020,30
Zimbabwe,1089.0,395.0,20.0,674.0,07-15-2020,25
Zimbabwe,1362.0,425.0,23.0,914.0,07-16-2020,273
Zimbabwe,1420.0,438.0,24.0,958.0,07-17-2020,58
Zimbabwe,1478.0,439.0,25.0,1014.0,07-18-2020,58
Zimbabwe,1611.0,472.0,25.0,1114.0,07-19-2020,133
Zimbabwe,1713.0,472.0,26.0,1215.0,07-20-2020,102
Zimbabwe,1820.0,488.0,26.0,1306.0,07-21-2020,107
Zimbabwe,2034.0,510.0,26.0,1498.0,07-22-2020,214
Zimbabwe,2124.0,510.0,28.0,1586.0,07-23-2020,90
Zimbabwe,2296.0,514.0,32.0,1750.0,07-24-2020,172
Zimbabwe,2434.0,518.0,34.0,1882.0,07-25-2020,138
Zimbabwe,2512.0,518.0,34.0,1960.0,07-26-2020,78
Zimbabwe,2704.0,542.0,36.0,2126.0,07-27-2020,192
Zimbabwe,2817.0,604.0,40.0,2173.0,07-28-2020,113
Zimbabwe,2879.0,887.0,41.0,1951.0,07-29-2020,62
Zimbabwe,3092.0,924.0,53.0,2115.0,07-30-2020,213
Zimbabwe,3169.0,1004.0,67.0,2098.0,07-31-2020,77
Zimbabwe,3659.0,1011.0,69.0,2579.0,08-01-2020,490
Zimbabwe,3921.0,1016.0,70.0,2835.0,08-02-2020,262
Zimbabwe,4075.0,1057.0,80.0,2938.0,08-03-2020,154
Zimbabwe,4221.0,1238.0,81.0,2902.0,08-04-2020,146
Zimbabwe,4221.0,1238.0,81.0,2902.0,08-05-2020,146
Zimbabwe,4339.0,1264.0,84.0,2991.0,08-06-2020,118
Zimbabwe,4451.0,1345.0,102.0,3004.0,08-07-2020,112
Zimbabwe,4575.0,1416.0,102.0,3057.0,08-08-2020,124
Zimbabwe,4649.0,1437.0,104.0,3108.0,08-09-2020,74
Zimbabwe,4748.0,1524.0,104.0,3120.0,08-10-2020,99
Zimbabwe,4818.0,1524.0,104.0,3190.0,08-11-2020,70
Zimbabwe,4893.0,1620.0,122.0,3151.0,08-12-2020,75
Zimbabwe,4990.0,1927.0,128.0,2935.0,08-13-2020,97
Zimbabwe,5072.0,1998.0,128.0,2946.0,08-14-2020,82
Zimbabwe,5176.0,2047.0,130.0,2999.0,08-15-2020,104
Zimbabwe,5261.0,2092.0,132.0,3037.0,08-16-2020,85
Zimbabwe,5308.0,3848.0,135.0,1325.0,08-17-2020,47
Zimbabwe,5378.0,4105.0,141.0,1132.0,08-18-2020,70
Zimbabwe,5643.0,4442.0,150.0,1051.0,08-19-2020,265
Zimbabwe,5745.0,4525.0,151.0,1069.0,08-20-2020,102
Zimbabwe,5815.0,4587.0,152.0,1076.0,08-21-2020,70
Zimbabwe,5893.0,4629.0,153.0,1111.0,08-22-2020,78
Zimbabwe,5930.0,4872.0,155.0,903.0,08-23-2020,37
Zimbabwe,6070.0,4950.0,155.0,965.0,08-24-2020,140
Zimbabwe,6196.0,4961.0,166.0,1069.0,08-25-2020,126
Zimbabwe,6251.0,5001.0,179.0,1071.0,08-26-2020,55
Zimbabwe,6292.0,5010.0,189.0,1093.0,08-27-2020,41
Zimbabwe,6388.0,5043.0,195.0,1150.0,08-28-2020,96
Zimbabwe,6406.0,5056.0,196.0,1154.0,08-29-2020,18
Zimbabwe,6412.0,5061.0,196.0,1155.0,08-30-2020,6
Zimbabwe,6497.0,5221.0,202.0,1074.0,08-31-2020,85
Zimbabwe,6559.0,5241.0,203.0,1115.0,09-01-2020,62
Zimbabwe,6638.0,5250.0,206.0,1182.0,09-02-2020,79
Zimbabwe,6678.0,5263.0,206.0,1209.0,09-03-2020,40
Zimbabwe,6837.0,5345.0,206.0,1286.0,09-04-2020,159
Zimbabwe,6837.0,5345.0,206.0,1286.0,09-05-2020,159
Zimbabwe,6837.0,5345.0,206.0,1286.0,09-06-2020,159
Zimbabwe,7298.0,5455.0,210.0,1633.0,09-07-2020,461
Zimbabwe,7388.0,5477.0,218.0,1693.0,09-08-2020,90
Zimbabwe,7429.0,5542.0,222.0,1665.0,09-09-2020,41
Zimbabwe,7453.0,5635.0,222.0,1596.0,09-10-2020,24
Zimbabwe,7479.0,5660.0,224.0,1595.0,09-11-2020,26
Zimbabwe,7508.0,5675.0,224.0,1609.0,09-12-2020,29
Zimbabwe,7526.0,5678.0,224.0,1624.0,09-13-2020,18
Zimbabwe,7531.0,5690.0,224.0,1617.0,09-14-2020,5
Zimbabwe,7576.0,5783.0,224.0,1569.0,09-15-2020,45
Zimbabwe,7598.0,5823.0,224.0,1551.0,09-16-2020,22
Zimbabwe,7633.0,5841.0,224.0,1568.0,09-17-2020,35
Zimbabwe,7647.0,5883.0,224.0,1540.0,09-18-2020,14
Zimbabwe,7672.0,5914.0,225.0,1533.0,09-19-2020,25
Zimbabwe,7683.0,5924.0,225.0,1534.0,09-20-2020,11
Zimbabwe,7683.0,5924.0,225.0,1534.0,09-21-2020,11
Zimbabwe,7711.0,5979.0,226.0,1506.0,09-22-2020,28
Zimbabwe,7725.0,6007.0,227.0,1491.0,09-23-2020,14
Zimbabwe,7752.0,6043.0,227.0,1482.0,09-24-2020,27
Zimbabwe,7787.0,6057.0,227.0,1503.0,09-25-2020,35
Zimbabwe,7803.0,6067.0,227.0,1509.0,09-26-2020,16
Zimbabwe,7812.0,6106.0,227.0,1479.0,09-27-2020,9
Zimbabwe,7816.0,6112.0,228.0,1476.0,09-28-2020,4
Zimbabwe,7837.0,6122.0,228.0,1487.0,09-29-2020,21
Zimbabwe,7838.0,6303.0,228.0,1307.0,09-30-2020,1
Zimbabwe,7850.0,6312.0,228.0,1310.0,10-01-2020,12
Zimbabwe,7858.0,6322.0,228.0,1308.0,10-02-2020,8
Zimbabwe,7885.0,6327.0,228.0,1330.0,10-03-2020,27
Zimbabwe,7888.0,6359.0,228.0,1301.0,10-04-2020,3
Zimbabwe,7898.0,6424.0,228.0,1246.0,10-05-2020,10
Zimbabwe,7915.0,6440.0,229.0,1246.0,10-06-2020,17
Zimbabwe,7919.0,6441.0,229.0,1249.0,10-07-2020,4
Zimbabwe,7951.0,6446.0,229.0,1276.0,10-08-2020,32
Zimbabwe,7994.0,6474.0,229.0,1291.0,10-09-2020,43
Zimbabwe,8010.0,6492.0,230.0,1288.0,10-10-2020,16
Zimbabwe,8011.0,6504.0,230.0,1277.0,10-11-2020,1
Zimbabwe,8021.0,7627.0,230.0,164.0,10-12-2020,10
Zimbabwe,8036.0,7632.0,230.0,174.0,10-13-2020,15
Zimbabwe,8055.0,7640.0,231.0,184.0,10-14-2020,19
Zimbabwe,8075.0,7669.0,231.0,175.0,10-15-2020,20
Zimbabwe,8099.0,7673.0,231.0,195.0,10-16-2020,24
Zimbabwe,8110.0,7673.0,231.0,206.0,10-17-2020,11
Zimbabwe,8147.0,7678.0,231.0,238.0,10-18-2020,37
Zimbabwe,8159.0,7683.0,232.0,244.0,10-19-2020,12
Zimbabwe,8187.0,7692.0,233.0,262.0,10-20-2020,28
Zimbabwe,8215.0,7725.0,236.0,254.0,10-21-2020,28
Zimbabwe,8242.0,7742.0,236.0,264.0,10-22-2020,27
Zimbabwe,8257.0,7771.0,236.0,250.0,10-23-2020,15
Zimbabwe,8269.0,7785.0,236.0,248.0,10-24-2020,12
Zimbabwe,8276.0,7797.0,237.0,242.0,10-25-2020,7
Zimbabwe,8303.0,7797.0,242.0,264.0,10-26-2020,27
Zimbabwe,8315.0,7804.0,242.0,269.0,10-27-2020,12
Zimbabwe,8320.0,7845.0,242.0,233.0,10-28-2020,5
Zimbabwe,8349.0,7864.0,242.0,243.0,10-29-2020,29
Zimbabwe,8362.0,7884.0,242.0,236.0,10-30-2020,13
Zimbabwe,8367.0,7894.0,243.0,230.0,10-31-2020,5
Zimbabwe,8374.0,7927.0,243.0,204.0,11-01-2020,7
Zimbabwe,8389.0,7939.0,245.0,205.0,11-02-2020,15
Zimbabwe,8410.0,7942.0,246.0,222.0,11-03-2020,21
Zimbabwe,8427.0,7967.0,248.0,212.0,11-04-2020,17
Zimbabwe,8444.0,7975.0,248.0,221.0,11-05-2020,17
Zimbabwe,8471.0,7983.0,250.0,238.0,11-06-2020,27
Zimbabwe,8498.0,7995.0,251.0,252.0,11-07-2020,27
Zimbabwe,8531.0,8005.0,253.0,273.0,11-08-2020,33
Zimbabwe,8561.0,8023.0,254.0,284.0,11-09-2020,30
Zimbabwe,8610.0,8040.0,255.0,315.0,11-10-2020,49
Zimbabwe,8667.0,8046.0,255.0,366.0,11-11-2020,57
Zimbabwe,8696.0,8060.0,255.0,381.0,11-12-2020,29
Zimbabwe,8765.0,8090.0,257.0,418.0,11-13-2020,69
Zimbabwe,8786.0,8096.0,257.0,433.0,11-14-2020,21
Zimbabwe,8829.0,8096.0,257.0,476.0,11-15-2020,43
Zimbabwe,8897.0,8116.0,257.0,524.0,11-16-2020,68
Zimbabwe,8945.0,8164.0,260.0,521.0,11-17-2020,48
Zimbabwe,8981.0,8184.0,261.0,536.0,11-18-2020,36
Zimbabwe,9046.0,8195.0,265.0,586.0,11-19-2020,65
Zimbabwe,9120.0,8229.0,265.0,626.0,11-20-2020,74
Zimbabwe,9172.0,8235.0,265.0,672.0,11-21-2020,52
Zimbabwe,9220.0,8250.0,268.0,702.0,11-22-2020,48
Zimbabwe,9308.0,8288.0,273.0,747.0,11-23-2020,88
Zimbabwe,9398.0,8297.0,274.0,827.0,11-24-2020,90
Zimbabwe,9508.0,8336.0,274.0,898.0,11-25-2020,110
Zimbabwe,9623.0,8397.0,274.0,952.0,11-26-2020,115
Zimbabwe,9714.0,8470.0,275.0,969.0,11-27-2020,91
Zimbabwe,9822.0,8472.0,275.0,1075.0,11-28-2020,108
Zimbabwe,9822.0,8472.0,275.0,1075.0,11-29-2020,108
Zimbabwe,9950.0,8482.0,276.0,1192.0,11-30-2020,128
Zimbabwe,10129.0,8643.0,277.0,1209.0,12-01-2020,179
Zimbabwe,10129.0,8643.0,277.0,1209.0,12-02-2020,179
Zimbabwe,10424.0,8754.0,280.0,1390.0,12-03-2020,295
Zimbabwe,10547.0,8802.0,281.0,1464.0,12-04-2020,123
Zimbabwe,10617.0,8844.0,291.0,1482.0,12-05-2020,70
Zimbabwe,10718.0,8880.0,291.0,1547.0,12-06-2020,101
Zimbabwe,10839.0,8972.0,294.0,1573.0,12-07-2020,121
Zimbabwe,10912.0,9062.0,303.0,1547.0,12-08-2020,73
Zimbabwe,11007.0,9147.0,304.0,1556.0,12-09-2020,95
Zimbabwe,11081.0,9253.0,305.0,1523.0,12-10-2020,74
Zimbabwe,11162.0,9324.0,306.0,1532.0,12-11-2020,81
Zimbabwe,11219.0,9359.0,307.0,1553.0,12-12-2020,57
Zimbabwe,11246.0,9451.0,307.0,1488.0,12-13-2020,27
Zimbabwe,11358.0,9554.0,309.0,1495.0,12-14-2020,112
Zimbabwe,11522.0,9599.0,310.0,1613.0,12-15-2020,164
Zimbabwe,11749.0,9702.0,313.0,1734.0,12-16-2020,227
Zimbabwe,11866.0,9836.0,314.0,1716.0,12-17-2020,117
Zimbabwe,12047.0,9894.0,316.0,1837.0,12-18-2020,181
Zimbabwe,12151.0,9984.0,318.0,1849.0,12-19-2020,104
