Country,Confirmed,Recovered,Deaths,Active,Date,New_infected
Kazakhstan,0.0,0.0,0.0,0.0,01-22-2020,0
Kazakhstan,0.0,0.0,0.0,0.0,01-23-2020,0
Kazakhstan,0.0,0.0,0.0,0.0,01-24-2020,0
Kazakhstan,0.0,0.0,0.0,0.0,01-25-2020,0
Kazakhstan,0.0,0.0,0.0,0.0,01-26-2020,0
Kazakhstan,0.0,0.0,0.0,0.0,01-27-2020,0
Kazakhstan,0.0,0.0,0.0,0.0,01-28-2020,0
Kazakhstan,0.0,0.0,0.0,0.0,01-29-2020,0
Kazakhstan,0.0,0.0,0.0,0.0,01-30-2020,0
Kazakhstan,0.0,0.0,0.0,0.0,01-31-2020,0
Kazakhstan,0.0,0.0,0.0,0.0,02-01-2020,0
Kazakhstan,0.0,0.0,0.0,0.0,02-02-2020,0
Kazakhstan,0.0,0.0,0.0,0.0,02-03-2020,0
Kazakhstan,0.0,0.0,0.0,0.0,02-04-2020,0
Kazakhstan,0.0,0.0,0.0,0.0,02-05-2020,0
Kazakhstan,0.0,0.0,0.0,0.0,02-06-2020,0
Kazakhstan,0.0,0.0,0.0,0.0,02-07-2020,0
Kazakhstan,0.0,0.0,0.0,0.0,02-08-2020,0
Kazakhstan,0.0,0.0,0.0,0.0,02-09-2020,0
Kazakhstan,0.0,0.0,0.0,0.0,02-10-2020,0
Kazakhstan,0.0,0.0,0.0,0.0,02-11-2020,0
Kazakhstan,0.0,0.0,0.0,0.0,02-12-2020,0
Kazakhstan,0.0,0.0,0.0,0.0,02-13-2020,0
Kazakhstan,0.0,0.0,0.0,0.0,02-14-2020,0
Kazakhstan,0.0,0.0,0.0,0.0,02-15-2020,0
Kazakhstan,0.0,0.0,0.0,0.0,02-16-2020,0
Kazakhstan,0.0,0.0,0.0,0.0,02-17-2020,0
Kazakhstan,0.0,0.0,0.0,0.0,02-18-2020,0
Kazakhstan,0.0,0.0,0.0,0.0,02-19-2020,0
Kazakhstan,0.0,0.0,0.0,0.0,02-20-2020,0
Kazakhstan,0.0,0.0,0.0,0.0,02-21-2020,0
Kazakhstan,0.0,0.0,0.0,0.0,02-22-2020,0
Kazakhstan,0.0,0.0,0.0,0.0,02-23-2020,0
Kazakhstan,0.0,0.0,0.0,0.0,02-24-2020,0
Kazakhstan,0.0,0.0,0.0,0.0,02-25-2020,0
Kazakhstan,0.0,0.0,0.0,0.0,02-26-2020,0
Kazakhstan,0.0,0.0,0.0,0.0,02-27-2020,0
Kazakhstan,0.0,0.0,0.0,0.0,02-28-2020,0
Kazakhstan,0.0,0.0,0.0,0.0,02-29-2020,0
Kazakhstan,0.0,0.0,0.0,0.0,03-01-2020,0
Kazakhstan,0.0,0.0,0.0,0.0,03-02-2020,0
Kazakhstan,0.0,0.0,0.0,0.0,03-03-2020,0
Kazakhstan,0.0,0.0,0.0,0.0,03-04-2020,0
Kazakhstan,0.0,0.0,0.0,0.0,03-05-2020,0
Kazakhstan,0.0,0.0,0.0,0.0,03-06-2020,0
Kazakhstan,0.0,0.0,0.0,0.0,03-07-2020,0
Kazakhstan,0.0,0.0,0.0,0.0,03-08-2020,0
Kazakhstan,0.0,0.0,0.0,0.0,03-09-2020,0
Kazakhstan,0.0,0.0,0.0,0.0,03-10-2020,0
Kazakhstan,0.0,0.0,0.0,0.0,03-11-2020,0
Kazakhstan,0.0,0.0,0.0,0.0,03-12-2020,0
Kazakhstan,4.0,0.0,0.0,0.0,03-13-2020,4
Kazakhstan,6.0,0.0,0.0,0.0,03-14-2020,2
Kazakhstan,9.0,0.0,0.0,0.0,03-15-2020,3
Kazakhstan,10.0,0.0,0.0,0.0,03-16-2020,1
Kazakhstan,33.0,0.0,0.0,0.0,03-17-2020,23
Kazakhstan,35.0,0.0,0.0,0.0,03-18-2020,2
Kazakhstan,44.0,0.0,0.0,0.0,03-19-2020,9
Kazakhstan,49.0,0.0,0.0,0.0,03-20-2020,5
Kazakhstan,53.0,0.0,0.0,0.0,03-21-2020,4
Kazakhstan,60.0,0.0,0.0,59.0,03-22-2020,7
Kazakhstan,62.0,0.0,0.0,62.0,03-23-2020,2
Kazakhstan,72.0,0.0,0.0,72.0,03-24-2020,10
Kazakhstan,81.0,0.0,0.0,81.0,03-25-2020,9
Kazakhstan,111.0,2.0,1.0,108.0,03-26-2020,30
Kazakhstan,150.0,3.0,1.0,146.0,03-27-2020,39
Kazakhstan,228.0,16.0,1.0,211.0,03-28-2020,78
Kazakhstan,284.0,20.0,1.0,263.0,03-29-2020,56
Kazakhstan,302.0,21.0,1.0,280.0,03-30-2020,18
Kazakhstan,343.0,24.0,2.0,317.0,03-31-2020,41
Kazakhstan,380.0,26.0,3.0,351.0,04-01-2020,37
Kazakhstan,435.0,27.0,3.0,405.0,04-02-2020,55
Kazakhstan,464.0,29.0,6.0,429.0,04-03-2020,29
Kazakhstan,531.0,36.0,5.0,490.0,04-04-2020,67
Kazakhstan,584.0,42.0,6.0,536.0,04-05-2020,53
Kazakhstan,662.0,46.0,6.0,610.0,04-06-2020,78
Kazakhstan,697.0,51.0,6.0,640.0,04-07-2020,35
Kazakhstan,727.0,54.0,7.0,666.0,04-08-2020,30
Kazakhstan,781.0,60.0,8.0,713.0,04-09-2020,54
Kazakhstan,812.0,64.0,10.0,738.0,04-10-2020,31
Kazakhstan,865.0,81.0,10.0,774.0,04-11-2020,53
Kazakhstan,951.0,99.0,10.0,842.0,04-12-2020,86
Kazakhstan,1091.0,138.0,12.0,941.0,04-13-2020,140
Kazakhstan,1232.0,203.0,14.0,1015.0,04-14-2020,141
Kazakhstan,1295.0,240.0,16.0,1039.0,04-15-2020,63
Kazakhstan,1402.0,277.0,17.0,1108.0,04-16-2020,107
Kazakhstan,1546.0,347.0,17.0,1182.0,04-17-2020,144
Kazakhstan,1615.0,377.0,17.0,1221.0,04-18-2020,69
Kazakhstan,1676.0,400.0,17.0,1259.0,04-19-2020,61
Kazakhstan,1852.0,447.0,19.0,1386.0,04-20-2020,176
Kazakhstan,1995.0,489.0,19.0,1487.0,04-21-2020,143
Kazakhstan,2135.0,515.0,19.0,1601.0,04-22-2020,140
Kazakhstan,2289.0,560.0,20.0,1709.0,04-23-2020,154
Kazakhstan,2482.0,604.0,25.0,1853.0,04-24-2020,193
Kazakhstan,2601.0,646.0,25.0,1930.0,04-25-2020,119
Kazakhstan,2717.0,682.0,25.0,2010.0,04-26-2020,116
Kazakhstan,2835.0,720.0,25.0,2090.0,04-27-2020,118
Kazakhstan,3027.0,774.0,25.0,2228.0,04-28-2020,192
Kazakhstan,3138.0,819.0,25.0,2294.0,04-29-2020,111
Kazakhstan,3402.0,866.0,25.0,2511.0,04-30-2020,264
Kazakhstan,3597.0,922.0,25.0,2650.0,05-01-2020,195
Kazakhstan,3857.0,985.0,25.0,2847.0,05-02-2020,260
Kazakhstan,3920.0,1084.0,27.0,2809.0,05-03-2020,63
Kazakhstan,4049.0,1173.0,29.0,2847.0,05-04-2020,129
Kazakhstan,4205.0,1279.0,29.0,2897.0,05-05-2020,156
Kazakhstan,4422.0,1408.0,30.0,2984.0,05-06-2020,217
Kazakhstan,4578.0,1518.0,30.0,3030.0,05-07-2020,156
Kazakhstan,4834.0,1631.0,31.0,3172.0,05-08-2020,256
Kazakhstan,4975.0,1776.0,31.0,3168.0,05-09-2020,141
Kazakhstan,5090.0,1941.0,31.0,3118.0,05-10-2020,115
Kazakhstan,5207.0,2074.0,32.0,3101.0,05-11-2020,117
Kazakhstan,5279.0,2223.0,32.0,3024.0,05-12-2020,72
Kazakhstan,5417.0,2408.0,32.0,2977.0,05-13-2020,138
Kazakhstan,5571.0,2531.0,32.0,3008.0,05-14-2020,154
Kazakhstan,5689.0,2707.0,34.0,2948.0,05-15-2020,118
Kazakhstan,5850.0,2980.0,34.0,2836.0,05-16-2020,161
Kazakhstan,6157.0,3256.0,34.0,2867.0,05-17-2020,307
Kazakhstan,6751.0,3469.0,35.0,3247.0,05-18-2020,594
Kazakhstan,6751.0,3598.0,35.0,3118.0,05-19-2020,594
Kazakhstan,6969.0,3734.0,35.0,3200.0,05-20-2020,218
Kazakhstan,7234.0,3843.0,35.0,3356.0,05-21-2020,265
Kazakhstan,7919.0,4096.0,35.0,3788.0,05-22-2020,685
Kazakhstan,7919.0,4214.0,35.0,3670.0,05-23-2020,685
Kazakhstan,8531.0,4352.0,35.0,4144.0,05-24-2020,612
Kazakhstan,8969.0,4515.0,35.0,4419.0,05-25-2020,438
Kazakhstan,8969.0,4613.0,37.0,4319.0,05-26-2020,438
Kazakhstan,9304.0,4768.0,37.0,4499.0,05-27-2020,335
Kazakhstan,9576.0,4900.0,37.0,4639.0,05-28-2020,272
Kazakhstan,9932.0,5057.0,37.0,4838.0,05-29-2020,356
Kazakhstan,10382.0,5220.0,38.0,5124.0,05-30-2020,450
Kazakhstan,10858.0,5404.0,40.0,5414.0,05-31-2020,476
Kazakhstan,11308.0,5587.0,41.0,5680.0,06-01-2020,450
Kazakhstan,11571.0,5941.0,44.0,5586.0,06-02-2020,263
Kazakhstan,12067.0,6240.0,48.0,5779.0,06-03-2020,496
Kazakhstan,12067.0,6606.0,52.0,5409.0,06-04-2020,496
Kazakhstan,12312.0,6903.0,52.0,5357.0,06-05-2020,245
Kazakhstan,12511.0,7135.0,53.0,5323.0,06-06-2020,199
Kazakhstan,12694.0,7376.0,56.0,5262.0,06-07-2020,183
Kazakhstan,12859.0,7376.0,56.0,5427.0,06-08-2020,165
Kazakhstan,13074.0,8015.0,61.0,4998.0,06-09-2020,215
Kazakhstan,13319.0,8345.0,67.0,4907.0,06-10-2020,245
Kazakhstan,13872.0,8593.0,67.0,5212.0,06-11-2020,553
Kazakhstan,13872.0,8829.0,70.0,4973.0,06-12-2020,553
Kazakhstan,14238.0,8829.0,73.0,5336.0,06-13-2020,366
Kazakhstan,14496.0,9188.0,77.0,5231.0,06-14-2020,258
Kazakhstan,15192.0,9388.0,81.0,5723.0,06-15-2020,696
Kazakhstan,15542.0,9647.0,88.0,5807.0,06-16-2020,350
Kazakhstan,15877.0,9920.0,97.0,5860.0,06-17-2020,335
Kazakhstan,15877.0,10065.0,100.0,5712.0,06-18-2020,335
Kazakhstan,16779.0,10411.0,113.0,6255.0,06-19-2020,902
Kazakhstan,17225.0,10671.0,118.0,6436.0,06-20-2020,446
Kazakhstan,17732.0,10897.0,120.0,6715.0,06-21-2020,507
Kazakhstan,18231.0,11158.0,127.0,6946.0,06-22-2020,499
Kazakhstan,18765.0,11514.0,134.0,7117.0,06-23-2020,534
Kazakhstan,19285.0,11882.0,136.0,7267.0,06-24-2020,520
Kazakhstan,19750.0,12220.0,140.0,7390.0,06-25-2020,465
Kazakhstan,20319.0,12548.0,150.0,7621.0,06-26-2020,569
Kazakhstan,20319.0,12738.0,166.0,7415.0,06-27-2020,569
Kazakhstan,21327.0,12933.0,178.0,8216.0,06-28-2020,1008
Kazakhstan,21819.0,13008.0,188.0,8623.0,06-29-2020,492
Kazakhstan,22308.0,13558.0,188.0,8562.0,06-30-2020,489
Kazakhstan,41065.0,14059.0,188.0,26818.0,07-01-2020,18757
Kazakhstan,42574.0,14777.0,188.0,27609.0,07-02-2020,1509
Kazakhstan,45719.0,15276.0,188.0,30255.0,07-03-2020,3145
Kazakhstan,47171.0,15556.0,188.0,31427.0,07-04-2020,1452
Kazakhstan,48574.0,15860.0,188.0,32526.0,07-05-2020,1403
Kazakhstan,49683.0,15860.0,264.0,33559.0,07-06-2020,1109
Kazakhstan,51059.0,16298.0,264.0,34497.0,07-07-2020,1376
Kazakhstan,51059.0,35137.0,264.0,34497.0,07-08-2020,1376
Kazakhstan,54747.0,35137.0,264.0,19346.0,07-09-2020,3688
Kazakhstan,56455.0,32500.0,264.0,23691.0,07-10-2020,1708
Kazakhstan,58253.0,33814.0,264.0,24175.0,07-11-2020,1798
Kazakhstan,58253.0,33814.0,375.0,24064.0,07-12-2020,1798
Kazakhstan,61755.0,35911.0,375.0,25469.0,07-13-2020,3502
Kazakhstan,63514.0,38008.0,375.0,25131.0,07-14-2020,1759
Kazakhstan,65188.0,39066.0,375.0,25747.0,07-15-2020,1674
Kazakhstan,66895.0,40256.0,375.0,26264.0,07-16-2020,1707
Kazakhstan,68703.0,40256.0,375.0,28072.0,07-17-2020,1808
Kazakhstan,68703.0,40256.0,375.0,28072.0,07-18-2020,1808
Kazakhstan,71838.0,43029.0,375.0,28434.0,07-19-2020,3135
Kazakhstan,73468.0,43401.0,585.0,29482.0,07-20-2020,1630
Kazakhstan,75153.0,46790.0,585.0,27778.0,07-21-2020,1685
Kazakhstan,75153.0,46790.0,585.0,27994.0,07-22-2020,1685
Kazakhstan,78486.0,49488.0,585.0,28413.0,07-23-2020,3333
Kazakhstan,80226.0,51260.0,585.0,28381.0,07-24-2020,1740
Kazakhstan,81720.0,51823.0,585.0,29312.0,07-25-2020,1494
Kazakhstan,83122.0,52571.0,585.0,29966.0,07-26-2020,1402
Kazakhstan,84648.0,54404.0,585.0,29659.0,07-27-2020,1526
Kazakhstan,86192.0,56638.0,793.0,28761.0,07-28-2020,1544
Kazakhstan,87664.0,57815.0,793.0,29056.0,07-29-2020,1472
Kazakhstan,89078.0,59517.0,793.0,28768.0,07-30-2020,1414
Kazakhstan,90367.0,60825.0,793.0,28749.0,07-31-2020,1289
Kazakhstan,90367.0,60825.0,793.0,28749.0,08-01-2020,1289
Kazakhstan,96774.0,62511.0,823.0,29358.0,08-02-2020,6407
Kazakhstan,98641.0,65132.0,1109.0,27895.0,08-03-2020,1867
Kazakhstan,100075.0,67031.0,1109.0,26793.0,08-04-2020,1434
Kazakhstan,102936.0,68871.0,1109.0,26013.0,08-05-2020,2861
Kazakhstan,105526.0,70680.0,1109.0,25184.0,08-06-2020,2590
Kazakhstan,107930.0,71609.0,1109.0,25162.0,08-07-2020,2404
Kazakhstan,109939.0,72273.0,1109.0,25370.0,08-08-2020,2009
Kazakhstan,111822.0,72523.0,1109.0,25861.0,08-09-2020,1883
Kazakhstan,112722.0,73702.0,1433.0,25404.0,08-10-2020,900
Kazakhstan,113501.0,74677.0,1433.0,24909.0,08-11-2020,779
Kazakhstan,115615.0,76756.0,1433.0,23347.0,08-12-2020,2114
Kazakhstan,117104.0,76756.0,1433.0,23823.0,08-13-2020,1489
Kazakhstan,118514.0,80716.0,1433.0,20302.0,08-14-2020,1410
Kazakhstan,119781.0,81558.0,1480.0,19869.0,08-15-2020,1267
Kazakhstan,121161.0,82777.0,1485.0,18987.0,08-16-2020,1380
Kazakhstan,121639.0,84445.0,1487.0,17586.0,08-17-2020,478
Kazakhstan,121973.0,86286.0,1635.0,15870.0,08-18-2020,334
Kazakhstan,123325.0,86450.0,1646.0,15950.0,08-19-2020,1352
Kazakhstan,124356.0,87920.0,1652.0,14736.0,08-20-2020,1031
Kazakhstan,125335.0,89712.0,1658.0,13186.0,08-21-2020,979
Kazakhstan,126243.0,91089.0,1663.0,12039.0,08-22-2020,908
Kazakhstan,127203.0,92598.0,1671.0,10705.0,08-23-2020,960
Kazakhstan,127462.0,93405.0,1781.0,10082.0,08-24-2020,259
Kazakhstan,127462.0,93990.0,1781.0,9562.0,08-25-2020,259
Kazakhstan,127462.0,94713.0,1781.0,9007.0,08-26-2020,259
Kazakhstan,127664.0,100509.0,1781.0,8632.0,08-27-2020,202
Kazakhstan,128618.0,101144.0,1781.0,8147.0,08-28-2020,954
Kazakhstan,130040.0,101391.0,1781.0,8026.0,08-29-2020,1422
Kazakhstan,130673.0,101553.0,1781.0,7975.0,08-30-2020,633
Kazakhstan,130673.0,101553.0,1781.0,8052.0,08-31-2020,633
Kazakhstan,131596.0,102962.0,1815.0,6985.0,09-01-2020,923
Kazakhstan,131695.0,102962.0,1883.0,7073.0,09-02-2020,99
Kazakhstan,132354.0,104176.0,1889.0,5948.0,09-03-2020,659
Kazakhstan,132924.0,104176.0,1893.0,6052.0,09-04-2020,570
Kazakhstan,133028.0,104892.0,1893.0,5695.0,09-05-2020,104
Kazakhstan,133924.0,105611.0,1901.0,5119.0,09-06-2020,896
Kazakhstan,134123.0,105850.0,1902.0,4944.0,09-07-2020,199
Kazakhstan,134203.0,106069.0,1903.0,4971.0,09-08-2020,80
Kazakhstan,134726.0,106424.0,1950.0,4702.0,09-09-2020,523
Kazakhstan,135159.0,107014.0,1951.0,4618.0,09-10-2020,433
Kazakhstan,135589.0,107051.0,1952.0,4686.0,09-11-2020,430
Kazakhstan,135964.0,107257.0,1954.0,4554.0,09-12-2020,375
Kazakhstan,136384.0,107269.0,1955.0,4594.0,09-13-2020,420
Kazakhstan,136513.0,107269.0,1962.0,4659.0,09-14-2020,129
Kazakhstan,136586.0,107909.0,1965.0,4046.0,09-15-2020,73
Kazakhstan,137058.0,108097.0,2003.0,3930.0,09-16-2020,472
Kazakhstan,137393.0,108252.0,2006.0,3853.0,09-17-2020,335
Kazakhstan,137713.0,108464.0,2008.0,3706.0,09-18-2020,320
Kazakhstan,138013.0,108519.0,2009.0,3714.0,09-19-2020,300
Kazakhstan,138348.0,108583.0,2014.0,3695.0,09-20-2020,335
Kazakhstan,138455.0,108706.0,2015.0,3639.0,09-21-2020,107
Kazakhstan,138542.0,108706.0,2016.0,3687.0,09-22-2020,87
Kazakhstan,138982.0,108965.0,2044.0,3507.0,09-23-2020,440
Kazakhstan,139289.0,109002.0,2045.0,3531.0,09-24-2020,307
Kazakhstan,139581.0,109172.0,2046.0,3430.0,09-25-2020,292
Kazakhstan,139882.0,129631.0,2046.0,3358.0,09-26-2020,301
Kazakhstan,140175.0,129701.0,2048.0,3340.0,09-27-2020,293
Kazakhstan,140265.0,129770.0,2049.0,3329.0,09-28-2020,90
Kazakhstan,140333.0,129839.0,2050.0,3309.0,09-29-2020,68
Kazakhstan,140707.0,129902.0,2078.0,3317.0,09-30-2020,374
Kazakhstan,140958.0,129993.0,2080.0,3291.0,10-01-2020,251
Kazakhstan,141256.0,130447.0,2082.0,3271.0,10-02-2020,298
Kazakhstan,141484.0,130542.0,2083.0,3247.0,10-03-2020,228
Kazakhstan,141748.0,130614.0,2083.0,3234.0,10-04-2020,264
Kazakhstan,141844.0,130874.0,2085.0,3204.0,10-05-2020,96
Kazakhstan,141904.0,130972.0,2085.0,3151.0,10-06-2020,60
Kazakhstan,142239.0,131111.0,2107.0,3104.0,10-07-2020,335
Kazakhstan,142597.0,131330.0,2108.0,3057.0,10-08-2020,358
Kazakhstan,142945.0,131482.0,2110.0,3007.0,10-09-2020,348
Kazakhstan,143280.0,131552.0,2111.0,3031.0,10-10-2020,335
Kazakhstan,143632.0,131613.0,2113.0,3044.0,10-11-2020,352
Kazakhstan,143740.0,131879.0,2114.0,2952.0,10-12-2020,108
Kazakhstan,143814.0,132055.0,2116.0,2870.0,10-13-2020,74
Kazakhstan,144218.0,132503.0,2141.0,2801.0,10-14-2020,404
Kazakhstan,144328.0,132861.0,2141.0,2633.0,10-15-2020,110
Kazakhstan,144761.0,133039.0,2144.0,2613.0,10-16-2020,433
Kazakhstan,145019.0,133166.0,2148.0,2637.0,10-17-2020,258
Kazakhstan,145320.0,133208.0,2149.0,2739.0,10-18-2020,301
Kazakhstan,145473.0,133368.0,2150.0,2710.0,10-19-2020,153
Kazakhstan,145603.0,133540.0,2155.0,2669.0,10-20-2020,130
Kazakhstan,145966.0,133703.0,2184.0,2726.0,10-21-2020,363
Kazakhstan,146288.0,133856.0,2186.0,2797.0,10-22-2020,322
Kazakhstan,146653.0,133956.0,2187.0,2888.0,10-23-2020,365
Kazakhstan,146982.0,134060.0,2189.0,2988.0,10-24-2020,329
Kazakhstan,147297.0,134117.0,2189.0,3071.0,10-25-2020,315
Kazakhstan,147463.0,134297.0,2190.0,3122.0,10-26-2020,166
Kazakhstan,147615.0,134431.0,2191.0,3124.0,10-27-2020,152
Kazakhstan,148037.0,134675.0,2221.0,3216.0,10-28-2020,422
Kazakhstan,148479.0,134846.0,2222.0,3480.0,10-29-2020,442
Kazakhstan,149066.0,134997.0,2224.0,3818.0,10-30-2020,587
Kazakhstan,149699.0,135110.0,2226.0,4193.0,10-31-2020,633
Kazakhstan,150380.0,135301.0,2227.0,4521.0,11-01-2020,681
Kazakhstan,150863.0,135535.0,2227.0,4736.0,11-02-2020,483
Kazakhstan,151321.0,135729.0,2261.0,4991.0,11-03-2020,458
Kazakhstan,152022.0,136038.0,2262.0,5239.0,11-04-2020,701
Kazakhstan,152725.0,136275.0,2263.0,5630.0,11-05-2020,703
Kazakhstan,153547.0,136544.0,2263.0,6052.0,11-06-2020,822
Kazakhstan,154321.0,136747.0,2265.0,6637.0,11-07-2020,774
Kazakhstan,155220.0,136981.0,2266.0,7072.0,11-08-2020,899
Kazakhstan,155876.0,137307.0,2266.0,7310.0,11-09-2020,656
Kazakhstan,156451.0,137590.0,2267.0,7660.0,11-10-2020,575
Kazakhstan,157261.0,137918.0,2267.0,7960.0,11-11-2020,810
Kazakhstan,158036.0,138309.0,2311.0,8272.0,11-12-2020,775
Kazakhstan,158853.0,138691.0,2314.0,8659.0,11-13-2020,817
Kazakhstan,159756.0,139128.0,2315.0,8921.0,11-14-2020,903
Kazakhstan,160612.0,139500.0,2317.0,9208.0,11-15-2020,856
Kazakhstan,161850.0,139962.0,2319.0,9372.0,11-16-2020,1238
Kazakhstan,162555.0,140469.0,2320.0,9601.0,11-17-2020,705
Kazakhstan,163585.0,140891.0,2366.0,9980.0,11-18-2020,1030
Kazakhstan,164578.0,141297.0,2368.0,10460.0,11-19-2020,993
Kazakhstan,165558.0,141764.0,2369.0,10870.0,11-20-2020,980
Kazakhstan,166468.0,142252.0,2370.0,11229.0,11-21-2020,910
Kazakhstan,167341.0,142865.0,2372.0,11431.0,11-22-2020,873
Kazakhstan,167385.0,142892.0,2372.0,11431.0,11-23-2020,44
Kazakhstan,168803.0,144463.0,2373.0,11288.0,11-24-2020,1418
Kazakhstan,169827.0,145028.0,2422.0,11589.0,11-25-2020,1024
Kazakhstan,170808.0,145673.0,2424.0,11839.0,11-26-2020,981
Kazakhstan,171795.0,146406.0,2429.0,12005.0,11-27-2020,987
Kazakhstan,172805.0,146549.0,2430.0,12688.0,11-28-2020,1010
Kazakhstan,173763.0,146955.0,2433.0,13208.0,11-29-2020,958
Kazakhstan,174563.0,147425.0,2433.0,13495.0,11-30-2020,800
Kazakhstan,175565.0,148043.0,2434.0,25088.0,12-01-2020,1002
Kazakhstan,176342.0,148732.0,2436.0,25174.0,12-02-2020,777
Kazakhstan,177386.0,149435.0,2438.0,25513.0,12-03-2020,1044
Kazakhstan,178378.0,150271.0,2484.0,25623.0,12-04-2020,992
Kazakhstan,179344.0,151134.0,2488.0,25722.0,12-05-2020,966
Kazakhstan,180089.0,151755.0,2488.0,25846.0,12-06-2020,745
Kazakhstan,180777.0,152379.0,2490.0,25908.0,12-07-2020,688
Kazakhstan,181721.0,153432.0,2544.0,25745.0,12-08-2020,944
Kazakhstan,182657.0,154432.0,2546.0,25679.0,12-09-2020,936
Kazakhstan,183630.0,155338.0,2550.0,25742.0,12-10-2020,973
Kazakhstan,184557.0,156093.0,2551.0,25913.0,12-11-2020,927
Kazakhstan,185513.0,156848.0,2552.0,26113.0,12-12-2020,956
Kazakhstan,186277.0,157701.0,2552.0,26024.0,12-13-2020,764
Kazakhstan,186960.0,158705.0,2554.0,25701.0,12-14-2020,683
Kazakhstan,187890.0,159985.0,2613.0,25292.0,12-15-2020,930
Kazakhstan,188837.0,160889.0,2613.0,25335.0,12-16-2020,947
Kazakhstan,189551.0,161561.0,2615.0,25375.0,12-17-2020,714
Kazakhstan,190292.0,162074.0,2617.0,25601.0,12-18-2020,741
Kazakhstan,190969.0,162959.0,2621.0,25389.0,12-19-2020,677
